  1:   0.0246  0.0106  0.5906  0.3743  1
  2:   0.0130  0.0016  0.5242  0.4612  1
  3:   0.0349  0.0016  0.5335  0.4299  1
  4:   0.0222  0.0271  0.5679  0.3827  1
  5:   0.9697  0.0010  0.0185  0.0107  1
  6:   0.9493  0.0181  0.0062  0.0264  1
  7:   0.0442  0.0161  0.5236  0.4162  1
  8:   0.0119  0.0016  0.5254  0.4611  1
  9:   0.0279  0.0008  0.5296  0.4417  1
 10:   0.0001  0.9638  0.0001  0.0360  1
 11:   0.0006  0.4782  0.0001  0.5211  1
 12:   0.0239  0.9302  0.0045  0.0414  1
 13:   0.0025  0.9955  0.0010  0.0010  1
 14:   0.0004  0.6610  0.0007  0.3379  1
 15:   0.6440  0.0850  0.1068  0.1642  1
 16:   0.0310  0.0160  0.5066  0.4464  1
 17:   0.0105  0.0115  0.5209  0.4572  1
 18:   0.0114  0.0014  0.5265  0.4607  1
 19:   0.0125  0.0011  0.5252  0.4611  1
 20:   0.0441  0.0139  0.5249  0.4171  1
 21:   0.0287  0.0218  0.5528  0.3967  1
 22:   0.0357  0.0009  0.5305  0.4329  1
 23:   0.9517  0.0194  0.0044  0.0245  1
 24:   0.0011  0.9532  0.0203  0.0254  1
 25:   0.9980  0.0002  0.0010  0.0008  1
 26:   0.0001  0.0001  0.9996  0.0002  1
 27:   0.9997  0.0001  0.0001  0.0001  1
 28:   0.9997  0.0001  0.0001  0.0001  1
 29:   0.9997  0.0001  0.0001  0.0001  1
 30:   0.9800  0.0074  0.0119  0.0007  1
 31:   0.9914  0.0069  0.0001  0.0016  1
 32:   0.9997  0.0001  0.0001  0.0001  1
 33:   0.0003  0.0030  0.9951  0.0017  1
 34:   0.0403  0.9127  0.0103  0.0368  1
 35:   0.0013  0.0005  0.9970  0.0012  1
 36:   0.0028  0.9616  0.0184  0.0172  1
 37:   0.0137  0.0048  0.9784  0.0031  1
 38:   0.0032  0.0023  0.9929  0.0016  1
 39:   0.0085  0.9877  0.0015  0.0024  1
 40:   0.0007  0.9878  0.0073  0.0043  1
 41:   0.0012  0.0144  0.9650  0.0193  1
 42:   0.0260  0.9593  0.0057  0.0090  1
 43:   0.0130  0.0067  0.9774  0.0029  1
 44:   0.0188  0.4696  0.0032  0.5084  1
 45:   0.0289  0.7308  0.0007  0.2396  1
 46:   0.0049  0.5028  0.0073  0.4850  1
 47:   0.0050  0.5066  0.0178  0.4706  1
 48:   0.0010  0.7953  0.0001  0.2036  1
 49:   0.0001  0.8989  0.0001  0.1009  1
 50:   0.0002  0.7026  0.0060  0.2912  1
 51:   0.0019  0.4388  0.0121  0.5472  1
 52:   0.0169  0.4829  0.0067  0.4935  1
 53:   0.0015  0.5658  0.0023  0.4304  1
 54:   0.0013  0.7257  0.0005  0.2726  1
 55:   0.0039  0.8661  0.0003  0.1297  1
 56:   0.0007  0.4588  0.0012  0.5393  1
 57:   0.0001  0.6668  0.0046  0.3285  1
 58:   0.0001  0.0008  0.9989  0.0002  1
 59:   0.0037  0.0003  0.9717  0.0244  1
 60:   0.0014  0.0169  0.9617  0.0200  1
 61:   0.0010  0.4808  0.0003  0.5179  1
 62:   0.0112  0.9487  0.0052  0.0350  1
 63:   0.0001  0.6167  0.0158  0.3673  1
 64:   0.0006  0.6352  0.0115  0.3527  1
 65:   0.0006  0.7800  0.0015  0.2179  1
 66:   0.0003  0.8138  0.0010  0.1849  1
 67:   0.0002  0.5962  0.0159  0.3877  1
 68:   0.0023  0.9645  0.0027  0.0305  1
 69:   0.0017  0.9975  0.0001  0.0006  1
 70:   0.0007  0.4560  0.0020  0.5412  1
 71:   0.0004  0.4640  0.0079  0.5277  1
 72:   0.0222  0.8812  0.0204  0.0762  1
 73:   0.0011  0.7084  0.0016  0.2888  1
 74:   0.0001  0.7399  0.0001  0.2599  1
 75:   0.0001  0.9026  0.0001  0.0972  1
 76:   0.0022  0.9881  0.0040  0.0057  1
 77:   0.0006  0.9017  0.0187  0.0789  1
 78:   0.0002  0.7835  0.0198  0.1965  1
 79:   0.0140  0.9850  0.0001  0.0008  1
 80:   0.0074  0.9571  0.0266  0.0088  1
 81:   0.0006  0.6010  0.0011  0.3973  1
 82:   0.0014  0.4393  0.0268  0.5325  1
 83:   0.0004  0.7436  0.0001  0.2560  1
 84:   0.0172  0.5853  0.0076  0.3899  1
 85:   0.0001  0.6150  0.0073  0.3775  1
 86:   0.0004  0.6849  0.0056  0.3091  1
 87:   0.0170  0.8250  0.0001  0.1579  1
 88:   0.0002  0.4858  0.0018  0.5122  1
 89:   0.0029  0.6631  0.0121  0.3220  1
 90:   0.0017  0.6612  0.0012  0.3360  1
 91:   0.0199  0.5948  0.0118  0.3734  1
 92:   0.0007  0.4556  0.0025  0.5412  1
 93:   0.0012  0.7917  0.0006  0.2064  1
 94:   0.0150  0.6397  0.0003  0.3449  1
 95:   0.0131  0.5136  0.0033  0.4700  1
 96:   0.0015  0.6167  0.0014  0.3804  1
 97:   0.0001  0.6974  0.0132  0.2893  1
 98:   0.0100  0.8006  0.0001  0.1892  1
 99:   0.0097  0.4514  0.0160  0.5229  1
100:   0.0002  0.0054  0.9646  0.0298  1
101:   0.0001  0.0047  0.9941  0.0010  1
102:   0.0001  0.0004  0.9994  0.0001  1
103:   0.0032  0.0002  0.9707  0.0258  1
104:   0.0009  0.0017  0.9959  0.0015  1
105:   0.0008  0.0057  0.9925  0.0010  1
106:   0.8674  0.0456  0.0478  0.0393  1
107:   0.0001  0.0002  0.9970  0.0027  1
108:   0.0056  0.0010  0.9770  0.0163  1
109:   0.0009  0.0012  0.9906  0.0073  1
110:   0.0062  0.0006  0.9813  0.0119  1
111:   0.0003  0.8801  0.0251  0.0944  1
112:   0.0131  0.0008  0.5257  0.4604  1
113:   0.8175  0.0256  0.0834  0.0734  1
114:   0.9835  0.0019  0.0136  0.0009  1
115:   0.0256  0.0008  0.5174  0.4563  1
116:   0.0340  0.0011  0.5309  0.4340  1
117:   0.0225  0.0226  0.5110  0.4439  1
118:   0.0436  0.0167  0.5263  0.4133  1
119:   0.9646  0.0007  0.0213  0.0134  1
