  1:   0.0103  0.0103  0.2258  0.0066  0.7470  1
  2:   0.0018  0.0003  0.0680  0.0002  0.9297  1
  3:   0.0131  0.0003  0.1116  0.0136  0.8614  1
  4:   0.0081  0.0233  0.2037  0.0084  0.7565  1
  5:   0.9622  0.0009  0.0135  0.0054  0.0180  1
  6:   0.9412  0.0139  0.0006  0.0149  0.0294  1
  7:   0.0245  0.0124  0.1207  0.0076  0.8348  1
  8:   0.0010  0.0001  0.0688  0.0002  0.9299  1
  9:   0.0078  0.0004  0.1007  0.0047  0.8865  1
 10:   0.0001  0.9394  0.0001  0.0603  0.0001  1
 11:   0.0008  0.0795  0.0001  0.9102  0.0094  1
 12:   0.0184  0.8972  0.0026  0.0642  0.0177  1
 13:   0.0016  0.9949  0.0008  0.0019  0.0008  1
 14:   0.0006  0.4036  0.0004  0.5891  0.0063  1
 15:   0.6133  0.0397  0.0144  0.1268  0.2057  1
 16:   0.0108  0.0044  0.0854  0.0342  0.8652  1
 17:   0.0019  0.0080  0.0735  0.0070  0.9095  1
 18:   0.0012  0.0001  0.0687  0.0001  0.9298  1
 19:   0.0015  0.0004  0.0682  0.0001  0.9298  1
 20:   0.0257  0.0114  0.1211  0.0081  0.8337  1
 21:   0.0135  0.0160  0.1686  0.0180  0.7839  1
 22:   0.0142  0.0003  0.1133  0.0129  0.8592  1
 23:   0.9458  0.0115  0.0005  0.0163  0.0260  1
 24:   0.0003  0.9072  0.0205  0.0390  0.0330  1
 25:   0.9977  0.0001  0.0014  0.0006  0.0002  1
 26:   0.0001  0.0001  0.9991  0.0001  0.0005  1
 27:   0.9996  0.0001  0.0001  0.0001  0.0001  1
 28:   0.9996  0.0001  0.0001  0.0001  0.0001  1
 29:   0.9996  0.0001  0.0001  0.0001  0.0001  1
 30:   0.9736  0.0066  0.0151  0.0027  0.0020  1
 31:   0.9920  0.0063  0.0004  0.0011  0.0002  1
 32:   0.9996  0.0001  0.0001  0.0001  0.0001  1
 33:   0.0004  0.0023  0.9929  0.0043  0.0001  1
 34:   0.0359  0.8744  0.0056  0.0485  0.0356  1
 35:   0.0022  0.0009  0.9948  0.0009  0.0011  1
 36:   0.0018  0.9174  0.0146  0.0274  0.0388  1
 37:   0.0199  0.0029  0.9688  0.0065  0.0020  1
 38:   0.0059  0.0021  0.9892  0.0024  0.0004  1
 39:   0.0038  0.9642  0.0002  0.0004  0.0314  1
 40:   0.0002  0.9631  0.0038  0.0031  0.0298  1
 41:   0.0018  0.0064  0.9504  0.0195  0.0218  1
 42:   0.0194  0.9344  0.0024  0.0045  0.0392  1
 43:   0.0182  0.0045  0.9726  0.0024  0.0023  1
 44:   0.0195  0.0890  0.0015  0.8695  0.0205  1
 45:   0.0304  0.5549  0.0004  0.4007  0.0137  1
 46:   0.0045  0.1410  0.0008  0.8403  0.0134  1
 47:   0.0054  0.1498  0.0131  0.8225  0.0092  1
 48:   0.0005  0.6404  0.0001  0.3509  0.0080  1
 49:   0.0001  0.8150  0.0001  0.1768  0.0079  1
 50:   0.0001  0.4815  0.0043  0.5050  0.0092  1
 51:   0.0009  0.0479  0.0015  0.9173  0.0325  1
 52:   0.0170  0.1174  0.0004  0.8358  0.0294  1
 53:   0.0011  0.2366  0.0012  0.7600  0.0012  1
 54:   0.0009  0.5119  0.0001  0.4740  0.0131  1
 55:   0.0028  0.7707  0.0002  0.2235  0.0028  1
 56:   0.0005  0.0533  0.0003  0.9433  0.0025  1
 57:   0.0001  0.4116  0.0030  0.5827  0.0027  1
 58:   0.0001  0.0003  0.9989  0.0004  0.0003  1
 59:   0.0074  0.0002  0.9361  0.0110  0.0453  1
 60:   0.0031  0.0079  0.9487  0.0231  0.0172  1
 61:   0.0005  0.0897  0.0001  0.9089  0.0008  1
 62:   0.0079  0.9150  0.0046  0.0675  0.0049  1
 63:   0.0001  0.3486  0.0118  0.6282  0.0113  1
 64:   0.0002  0.3741  0.0067  0.6090  0.0100  1
 65:   0.0006  0.6149  0.0008  0.3761  0.0076  1
 66:   0.0004  0.6719  0.0006  0.3199  0.0072  1
 67:   0.0002  0.3045  0.0114  0.6764  0.0074  1
 68:   0.0010  0.9476  0.0029  0.0480  0.0006  1
 69:   0.0005  0.9992  0.0001  0.0001  0.0001  1
 70:   0.0004  0.0494  0.0002  0.9099  0.0402  1
 71:   0.0006  0.0677  0.0066  0.9173  0.0078  1
 72:   0.0204  0.8331  0.0191  0.1146  0.0129  1
 73:   0.0009  0.4819  0.0014  0.5071  0.0086  1
 74:   0.0001  0.5345  0.0004  0.4649  0.0001  1
 75:   0.0001  0.8306  0.0001  0.1653  0.0039  1
 76:   0.0008  0.9876  0.0019  0.0004  0.0093  1
 77:   0.0003  0.8384  0.0170  0.1304  0.0139  1
 78:   0.0003  0.6311  0.0211  0.3392  0.0083  1
 79:   0.0087  0.9842  0.0001  0.0001  0.0069  1
 80:   0.0047  0.9529  0.0279  0.0140  0.0005  1
 81:   0.0002  0.2972  0.0005  0.6862  0.0158  1
 82:   0.0015  0.0533  0.0116  0.8762  0.0575  1
 83:   0.0004  0.5419  0.0001  0.4406  0.0171  1
 84:   0.0151  0.2913  0.0011  0.6368  0.0557  1
 85:   0.0001  0.3331  0.0016  0.6485  0.0167  1
 86:   0.0002  0.4487  0.0013  0.5180  0.0317  1
 87:   0.0139  0.7063  0.0001  0.2751  0.0046  1
 88:   0.0001  0.0976  0.0014  0.8752  0.0257  1
 89:   0.0028  0.4184  0.0057  0.5577  0.0154  1
 90:   0.0013  0.4053  0.0008  0.5609  0.0317  1
 91:   0.0217  0.3156  0.0106  0.6237  0.0284  1
 92:   0.0003  0.0494  0.0002  0.9097  0.0403  1
 93:   0.0011  0.6395  0.0002  0.3382  0.0209  1
 94:   0.0130  0.3834  0.0001  0.5926  0.0109  1
 95:   0.0132  0.1536  0.0024  0.8232  0.0076  1
 96:   0.0020  0.3240  0.0006  0.6502  0.0233  1
 97:   0.0001  0.4811  0.0111  0.4749  0.0328  1
 98:   0.0087  0.6624  0.0001  0.3137  0.0151  1
 99:   0.0120  0.0622  0.0126  0.9068  0.0064  1
100:   0.0004  0.0084  0.9293  0.0036  0.0582  1
101:   0.0002  0.0038  0.9930  0.0016  0.0014  1
102:   0.0001  0.0002  0.9992  0.0004  0.0002  1
103:   0.0062  0.0002  0.9356  0.0115  0.0465  1
104:   0.0005  0.0012  0.9925  0.0041  0.0017  1
105:   0.0009  0.0050  0.9923  0.0014  0.0003  1
106:   0.8635  0.0327  0.0330  0.0431  0.0277  1
107:   0.0002  0.0002  0.9936  0.0005  0.0055  1
108:   0.0087  0.0004  0.9541  0.0037  0.0331  1
109:   0.0022  0.0011  0.9800  0.0017  0.0149  1
110:   0.0096  0.0008  0.9649  0.0015  0.0233  1
111:   0.0001  0.8064  0.0115  0.1312  0.0508  1
112:   0.0013  0.0001  0.0685  0.0001  0.9300  1
113:   0.7942  0.0074  0.0414  0.0650  0.0921  1
114:   0.9774  0.0014  0.0186  0.0018  0.0007  1
115:   0.0051  0.0001  0.0711  0.0020  0.9216  1
116:   0.0155  0.0005  0.1100  0.0130  0.8610  1
117:   0.0084  0.0046  0.1054  0.0397  0.8419  1
118:   0.0273  0.0124  0.1214  0.0081  0.8308  1
119:   0.9578  0.0007  0.0119  0.0024  0.0272  1
