1: 0.0126897 9.9991E-05 0.191109 0.00603186 0.79007 1
2: 9.997E-05 9.997E-05 9.997E-05 9.997E-05 0.9996 1
3: 0.00851542 9.9982E-05 0.0488714 9.9982E-05 0.942413 1
4: 9.9982E-05 0.0418586 0.150614 9.9982E-05 0.807327 1
5: 0.987035 9.9982E-05 0.00270077 9.9982E-05 0.0100643 1
6: 0.949721 0.0251249 9.9991E-05 0.00696591 0.0180885 1
7: 0.032576 9.9982E-05 0.0473918 9.9982E-05 0.919832 1
8: 9.997E-05 9.997E-05 9.997E-05 9.997E-05 0.9996 1
9: 0.0102798 9.9982E-05 0.0322942 9.9982E-05 0.957226 1
10: 9.9973E-05 0.936719 9.9973E-05 0.0629813 9.9973E-05 1
11: 0.00537258 0.0201838 9.9982E-05 0.974244 9.9982E-05 1
12: 0.0153691 0.897127 0.0240992 0.0633047 9.9991E-05 1
13: 0.00162686 0.996987 0.00118605 9.9982E-05 9.9982E-05 1
14: 0.00921003 0.315078 9.9982E-05 0.675512 9.9982E-05 1
15: 0.653366 0.0483015 9.9991E-05 0.0995611 0.198671 1
16: 9.9982E-05 9.9982E-05 0.0369728 0.021522 0.941305 1
17: 9.9982E-05 9.9982E-05 0.0186941 0.00195792 0.979148 1
18: 9.997E-05 9.997E-05 9.997E-05 9.997E-05 0.9996 1
19: 9.997E-05 9.997E-05 9.997E-05 9.997E-05 0.9996 1
20: 0.00982845 0.0194909 0.0817759 9.9991E-05 0.888805 1
21: 0.00392266 0.014966 0.110897 0.0158338 0.85438 1
22: 0.0180929 9.9982E-05 0.0526012 9.9982E-05 0.929106 1
23: 0.953098 9.9982E-05 9.9982E-05 0.0326401 0.0140617 1
24: 9.9982E-05 0.932263 0.0152918 0.0522456 9.9982E-05 1
25: 0.995028 9.9982E-05 0.000784838 0.00398728 9.9982E-05 1
26: 9.997E-05 9.997E-05 0.9996 9.997E-05 9.997E-05 1
27: 0.9996 9.997E-05 9.997E-05 9.997E-05 9.997E-05 1
28: 0.9996 9.997E-05 9.997E-05 9.997E-05 9.997E-05 1
29: 0.9996 9.997E-05 9.997E-05 9.997E-05 9.997E-05 1
30: 0.934888 0.0182162 0.0133468 0.00562389 0.0279254 1
31: 0.991646 0.00805356 9.99811E-05 9.99811E-05 9.99811E-05 1
32: 0.9996 9.997E-05 9.997E-05 9.997E-05 9.997E-05 1
33: 9.997E-05 9.997E-05 0.9996 9.997E-05 9.997E-05 1
34: 0.0307329 0.911322 0.00879729 0.044848 0.00429997 1
35: 9.997E-05 9.997E-05 0.9996 9.997E-05 9.997E-05 1
36: 9.9991E-05 0.959376 0.0073392 0.0315397 0.00164526 1
37: 0.0232644 9.9982E-05 0.963189 9.9982E-05 0.0133467 1
38: 0.00428464 9.9973E-05 0.995415 9.9973E-05 9.9973E-05 1
39: 0.00113814 0.998562 9.9973E-05 9.9973E-05 9.9973E-05 1
40: 9.9982E-05 0.983444 0.00102874 0.0153269 9.9982E-05 1
41: 0.00232805 0.0123026 0.961335 0.00687491 0.0171595 1
42: 0.0057259 0.981642 0.0124321 9.9982E-05 9.9982E-05 1
43: 0.0454333 0.00979589 0.933277 9.9991E-05 0.0113937 1
44: 0.00701752 0.0598713 9.9982E-05 0.932911 9.9982E-05 1
45: 0.0458225 0.478047 9.9991E-05 0.474569 0.00146155 1
46: 9.9982E-05 0.106621 9.9982E-05 0.884288 0.00889127 1
47: 0.00350249 0.0858186 0.0204211 0.889348 0.000909596 1
48: 9.9973E-05 0.59949 9.9973E-05 0.40021 9.9973E-05 1
49: 9.9973E-05 0.805051 9.9973E-05 0.194649 9.9973E-05 1
50: 9.9973E-05 0.422774 9.9973E-05 0.576926 9.9973E-05 1
51: 9.9973E-05 9.9973E-05 9.9973E-05 0.974566 0.0251345 1
52: 0.0154989 0.0660856 9.9991E-05 0.908802 0.00951354 1
53: 9.9973E-05 0.169503 9.9973E-05 0.830197 9.9973E-05 1
54: 9.9973E-05 0.485786 9.9973E-05 0.513914 9.9973E-05 1
55: 0.000648424 0.776385 9.9982E-05 0.222766 9.9982E-05 1
56: 9.997E-05 9.997E-05 9.997E-05 0.9996 9.997E-05 1
57: 9.9982E-05 0.37727 0.00129237 0.621238 9.9982E-05 1
58: 9.9973E-05 9.9973E-05 0.982733 0.0169669 9.9973E-05 1
59: 0.0111791 9.9982E-05 0.936438 9.9982E-05 0.0521827 1
60: 9.9991E-05 0.029485 0.95732 0.0012731 0.0118214 1
61: 9.9973E-05 0.0416994 9.9973E-05 0.958001 9.9973E-05 1
62: 9.9982E-05 0.958811 0.00257495 0.0384138 9.9982E-05 1
63: 9.9982E-05 0.324911 0.0307225 0.644167 9.9982E-05 1
64: 9.9982E-05 0.36194 9.9982E-05 0.625505 0.012355 1
65: 9.9982E-05 0.604214 9.9982E-05 0.379464 0.0161228 1
66: 9.9973E-05 0.653368 9.9973E-05 0.346333 9.9973E-05 1
67: 9.9982E-05 0.257593 0.0119399 0.730267 9.9982E-05 1
68: 9.9982E-05 0.94752 0.00265573 0.0496245 9.9982E-05 1
69: 0.00464338 0.995057 9.9973E-05 9.9973E-05 9.9973E-05 1
70: 9.997E-05 9.997E-05 9.997E-05 0.9996 9.997E-05 1
71: 9.9973E-05 0.0028501 9.9973E-05 0.99685 9.9973E-05 1
72: 0.0120744 0.819338 0.00844566 0.160042 9.9991E-05 1
73: 9.9973E-05 0.453414 9.9973E-05 0.546286 9.9973E-05 1
74: 9.9973E-05 0.465548 9.9973E-05 0.534152 9.9973E-05 1
75: 9.9973E-05 0.795571 9.9973E-05 0.204129 9.9973E-05 1
76: 9.9973E-05 0.995707 9.9973E-05 9.9973E-05 0.00399331 1
77: 9.9991E-05 0.779424 0.0185042 0.177711 0.024261 1
78: 9.9982E-05 0.652156 0.00106338 0.346581 9.9982E-05 1
79: 9.997E-05 0.9996 9.997E-05 9.997E-05 9.997E-05 1
80: 0.000642453 0.966102 0.033056 9.9982E-05 9.9982E-05 1
81: 9.9973E-05 0.233485 9.9973E-05 0.766215 9.9973E-05 1
82: 9.999E-05 9.999E-05 0.00806365 0.950647 0.0410896 1
83: 9.9973E-05 0.477031 9.9973E-05 0.522669 9.9973E-05 1
84: 0.00108754 0.274076 9.9991E-05 0.706488 0.0182489 1
85: 9.9982E-05 0.247166 9.9982E-05 0.722096 0.0305374 1
86: 9.9982E-05 0.369386 9.9982E-05 0.617792 0.0126222 1
87: 0.01489 0.706278 9.9982E-05 0.278632 9.9982E-05 1
88: 9.9982E-05 0.0641921 0.00289873 0.932709 9.9982E-05 1
89: 9.9991E-05 0.414603 0.0168148 0.545623 0.0228589 1
90: 9.9973E-05 0.390511 9.9973E-05 0.609189 9.9973E-05 1
91: 0.0212856 0.29097 0.0193391 0.668306 9.9991E-05 1
92: 9.997E-05 9.997E-05 9.997E-05 0.9996 9.997E-05 1
93: 0.0116704 0.659343 9.9982E-05 0.328786 9.9982E-05 1
94: 0.0101266 0.347974 9.9982E-05 0.641699 9.9982E-05 1
95: 0.0139324 0.091479 0.00365841 0.89083 9.9991E-05 1
96: 0.000749668 0.257726 0.00220675 0.739218 9.9991E-05 1
97: 9.9982E-05 0.456904 0.010923 0.531973 9.9982E-05 1
98: 0.014759 0.648342 9.9982E-05 0.336699 9.9982E-05 1
99: 0.016734 9.9991E-05 0.0133575 0.95109 0.0187186 1
100: 9.9982E-05 0.00153988 0.932114 9.9982E-05 0.0661459 1
101: 9.997E-05 9.997E-05 0.9996 9.997E-05 9.997E-05 1
102: 9.997E-05 9.997E-05 0.9996 9.997E-05 9.997E-05 1
103: 9.99731E-05 9.99731E-05 0.943052 9.99731E-05 0.0566479 1
104: 9.997E-05 9.997E-05 0.9996 9.997E-05 9.997E-05 1
105: 9.997E-05 9.997E-05 0.9996 9.997E-05 9.997E-05 1
106: 0.864982 0.0415024 0.0200866 0.023847 0.0495824 1
107: 9.9973E-05 9.9973E-05 0.990787 9.9973E-05 0.00891274 1
108: 0.0174476 9.9982E-05 0.950579 9.9982E-05 0.0317737 1
109: 9.9973E-05 9.9973E-05 0.977008 9.9973E-05 0.0226925 1
110: 0.0171378 9.9982E-05 0.972213 9.9982E-05 0.0104488 1
111: 9.9982E-05 0.80077 9.9982E-05 0.168201 0.030829 1
112: 9.997E-05 9.997E-05 9.997E-05 9.997E-05 0.9996 1
113: 0.82357 9.9991E-05 0.0559587 0.0502712 0.0701001 1
114: 0.972715 0.000145565 0.0269396 9.9982E-05 9.9982E-05 1
115: 9.9973E-05 9.9973E-05 0.0129657 9.9973E-05 0.986734 1
116: 0.0116124 9.9982E-05 0.0464061 9.9982E-05 0.941782 1
117: 9.9991E-05 0.038838 0.0281424 0.000708992 0.932211 1
118: 0.0302296 0.00251021 0.0589425 9.9991E-05 0.908218 1
119: 0.95803 9.9982E-05 0.0413235 9.9982E-05 0.000446415 1

1: 0.167907 0.00652744 0.80685 9.9991E-05 0.0186154 1
2: 9.997E-05 9.997E-05 0.9996 9.997E-05 9.997E-05 1
3: 0.014512 0.0173881 0.952608 0.0153921 9.9991E-05 1
4: 0.18604 0.00581686 0.765306 9.9991E-05 0.0427368 1
5: 0.0119795 0.969523 0.0182977 9.9982E-05 9.9982E-05 1
6: 9.999E-05 0.950178 0.0396356 0.00668329 0.00340334 1
7: 0.070229 0.0277174 0.894715 9.9991E-05 0.0072387 1
8: 9.997E-05 9.997E-05 0.9996 9.997E-05 9.997E-05 1
9: 0.0273769 9.9973E-05 0.972323 9.9973E-05 9.9973E-05 1
10: 9.9973E-05 9.9973E-05 9.9973E-05 0.0349157 0.964784 1
11: 9.9973E-05 9.9973E-05 9.9973E-05 0.959593 0.0401071 1
12: 9.999E-05 0.0181519 0.0223318 0.00369009 0.955726 1
13: 0.00551745 0.0017357 9.9982E-05 9.9982E-05 0.992547 1
14: 9.9982E-05 9.9982E-05 0.0117663 0.549688 0.438346 1
15: 9.999E-05 0.638094 0.207558 0.102782 0.0514653 1
16: 0.0271311 0.0160769 0.931999 0.0211756 0.00361746 1
17: 9.9973E-05 9.9973E-05 0.986275 9.9973E-05 0.013425 1
18: 9.997E-05 9.997E-05 0.9996 9.997E-05 9.997E-05 1
19: 9.997E-05 9.997E-05 0.9996 9.997E-05 9.997E-05 1
20: 0.0434305 0.0252902 0.931079 9.9982E-05 9.9982E-05 1
21: 0.0990178 0.0215558 0.855771 0.0169295 0.00672598 1
22: 0.0444938 0.00822749 0.947079 9.9982E-05 9.9982E-05 1
23: 9.999E-05 0.929813 0.0432244 0.0267077 0.000154836 1
24: 0.0257101 9.9982E-05 9.9982E-05 0.0246417 0.949448 1
25: 9.997E-05 0.9996 9.997E-05 9.997E-05 9.997E-05 1
26: 0.9996 9.997E-05 9.997E-05 9.997E-05 9.997E-05 1
27: 9.997E-05 0.9996 9.997E-05 9.997E-05 9.997E-05 1
28: 9.997E-05 0.9996 9.997E-05 9.997E-05 9.997E-05 1
29: 9.997E-05 0.9996 9.997E-05 9.997E-05 9.997E-05 1
30: 0.0175317 0.976208 9.9982E-05 0.00606034 9.9982E-05 1
31: 9.9982E-05 0.980881 9.9982E-05 0.000660952 0.018258 1
32: 9.997E-05 0.9996 9.997E-05 9.997E-05 9.997E-05 1
33: 0.98483 9.9973E-05 9.9973E-05 9.9973E-05 0.0148703 1
34: 0.00024602 0.0239041 0.0193269 0.0764403 0.880083 1
35: 0.999035 0.000665232 9.9973E-05 9.9973E-05 9.9973E-05 1
36: 0.0209616 0.00370246 9.9991E-05 0.0326904 0.942546 1
37: 0.976533 0.01477 9.9982E-05 0.0084968 9.9982E-05 1
38: 0.990906 9.9973E-05 9.9973E-05 0.00879439 9.9973E-05 1
39: 9.9973E-05 9.9973E-05 0.00310698 9.9973E-05 0.996593 1
40: 0.0108532 9.9973E-05 9.9973E-05 9.9973E-05 0.988847 1
41: 0.944554 9.9982E-05 0.0238314 0.0314147 9.9982E-05 1
42: 9.9982E-05 0.0391643 0.00865121 9.9982E-05 0.951985 1
43: 0.977299 0.0224009 9.9973E-05 9.9973E-05 9.9973E-05 1
44: 9.9982E-05 0.0191465 9.9982E-05 0.947465 0.0331884 1
45: 9.9982E-05 0.0222482 9.9982E-05 0.402362 0.57519 1
46: 9.9991E-05 0.000568709 0.0159283 0.9161 0.067303 1
47: 0.00420574 0.00639602 0.0130759 0.843035 0.133287 1
48: 9.9973E-05 9.9973E-05 9.9973E-05 0.380549 0.619151 1
49: 9.9973E-05 9.9973E-05 9.9973E-05 0.153877 0.845823 1
50: 0.0109567 9.9982E-05 9.9982E-05 0.526485 0.462359 1
51: 9.9973E-05 9.9973E-05 0.0392709 0.960429 9.9973E-05 1
52: 9.9991E-05 0.00187767 0.0194857 0.840275 0.138261 1
53: 9.9982E-05 0.0055628 9.9982E-05 0.779469 0.214768 1
54: 9.9973E-05 9.9973E-05 9.9973E-05 0.511691 0.488009 1
55: 9.9973E-05 9.9973E-05 9.9973E-05 0.207426 0.792274 1
56: 9.997E-05 9.997E-05 9.997E-05 0.9996 9.997E-05 1
57: 9.9973E-05 9.9973E-05 9.9973E-05 0.562583 0.437117 1
58: 0.9996 9.997E-05 9.997E-05 9.997E-05 9.997E-05 1
59: 0.933421 0.0135017 0.0482335 9.9991E-05 0.00474343 1
60: 0.926571 9.9982E-05 0.0396508 0.0335779 9.9982E-05 1
61: 9.9973E-05 9.9973E-05 9.9973E-05 0.966851 0.0328494 1
62: 9.9973E-05 9.9973E-05 9.9973E-05 0.0688197 0.93088 1
63: 0.0178903 9.9982E-05 9.9982E-05 0.657314 0.324596 1
64: 0.00723214 9.9982E-05 9.9982E-05 0.591603 0.400965 1
65: 9.9973E-05 9.9973E-05 9.9973E-05 0.390211 0.609489 1
66: 9.9982E-05 9.9982E-05 0.00776035 0.322977 0.669062 1
67: 0.0270794 9.9982E-05 9.9982E-05 0.707941 0.264779 1
68: 9.9973E-05 9.9973E-05 9.9973E-05 0.0488497 0.95085 1
69: 9.997E-05 9.997E-05 9.997E-05 9.997E-05 0.9996 1
70: 9.997E-05 9.997E-05 9.997E-05 0.9996 9.997E-05 1
71: 0.0025862 9.9982E-05 9.9982E-05 0.977137 0.0200765 1
72: 0.00743561 0.0183057 0.0397613 0.0815565 0.852941 1
73: 9.9973E-05 9.9973E-05 9.9973E-05 0.559851 0.439849 1
74: 9.9973E-05 9.9973E-05 9.9973E-05 0.44363 0.55607 1
75: 9.9973E-05 9.9973E-05 9.9973E-05 0.173494 0.826206 1
76: 0.013868 9.9982E-05 0.00679192 9.9982E-05 0.97914 1
77: 0.0226795 9.9982E-05 9.9982E-05 0.145821 0.831299 1
78: 0.0237372 9.9982E-05 9.9982E-05 0.314785 0.661278 1
79: 9.9973E-05 0.00245619 9.9973E-05 9.9973E-05 0.997244 1
80: 0.0295658 0.0109524 9.9991E-05 0.0150471 0.944335 1
81: 9.9973E-05 9.9973E-05 9.9973E-05 0.730661 0.269039 1
82: 0.0046117 9.9991E-05 0.0257382 0.95061 0.0189399 1
83: 9.9973E-05 9.9973E-05 9.9973E-05 0.417892 0.581808 1
84: 9.9991E-05 0.0193515 0.0325431 0.712315 0.23569 1
85: 9.9982E-05 9.9982E-05 0.00420021 0.661782 0.333818 1
86: 9.9982E-05 9.9982E-05 0.0138691 0.54427 0.441661 1
87: 9.9982E-05 0.0103865 9.9982E-05 0.292724 0.69669 1
88: 9.9973E-05 9.9973E-05 9.9973E-05 0.945317 0.0543834 1
89: 9.9982E-05 9.9982E-05 0.0126359 0.595791 0.391374 1
90: 9.9982E-05 0.00145699 9.9982E-05 0.571068 0.427275 1
91: 9.9991E-05 0.0218382 0.00322688 0.660757 0.314078 1
92: 9.997E-05 9.997E-05 9.997E-05 0.9996 9.997E-05 1
93: 9.9982E-05 0.0189858 9.9982E-05 0.350678 0.630136 1
94: 9.9991E-05 0.0175311 0.00100524 0.602568 0.378796 1
95: 0.004339 9.9982E-05 9.9982E-05 0.904835 0.0906256 1
96: 9.9991E-05 0.0156289 0.00376601 0.667246 0.313259 1
97: 0.00159832 9.9991E-05 0.0132042 0.485574 0.499524 1
98: 9.9982E-05 0.0119835 9.9982E-05 0.295691 0.692126 1
99: 0.00783546 0.011741 9.9982E-05 0.980224 9.9982E-05 1
100: 0.905969 9.9982E-05 0.063509 9.9982E-05 0.0303216 1
101: 0.9996 9.997E-05 9.997E-05 9.997E-05 9.997E-05 1
102: 0.9996 9.997E-05 9.997E-05 9.997E-05 9.997E-05 1
103: 0.950462 0.00887015 0.0404681 9.9982E-05 9.9982E-05 1
104: 0.988135 9.9973E-05 9.9973E-05 0.0115649 9.9973E-05 1
105: 0.980417 9.9973E-05 9.9973E-05 9.9973E-05 0.0192827 1
106: 0.0367504 0.852195 0.0270082 9.9991E-05 0.0839459 1
107: 0.974417 9.9973E-05 0.0252828 9.9973E-05 9.9973E-05 1
108: 0.975618 0.0102316 0.0139501 9.9982E-05 9.9982E-05 1
109: 0.990285 9.9973E-05 0.00941517 9.9973E-05 9.9973E-05 1
110: 0.98151 0.0108681 0.0074221 9.9982E-05 9.9982E-05 1
111: 0.0162809 9.9991E-05 0.0394576 0.0700071 0.874154 1
112: 9.997E-05 9.997E-05 0.9996 9.997E-05 9.997E-05 1
113: 0.0426359 0.800929 0.0948271 0.0615076 9.9991E-05 1
114: 0.00897013 0.99073 9.9973E-05 9.9973E-05 9.9973E-05 1
115: 0.00779601 9.99791E-05 0.991904 9.99791E-05 9.99791E-05 1
116: 0.0761514 0.0171885 0.903059 0.00350086 9.9991E-05 1
117: 0.036517 9.9982E-05 0.931973 0.0313104 9.9982E-05 1
118: 0.0414524 0.0177452 0.906122 9.9991E-05 0.0345808 1
119: 0.0155165 0.963775 0.0205089 9.9982E-05 9.9982E-05 1

1: 0.803121 0.00805716 9.9982E-05 9.9982E-05 0.188622 1
2: 0.9996 9.997E-05 9.997E-05 9.997E-05 9.997E-05 1
3: 0.921545 9.9982E-05 9.9982E-05 0.0202503 0.0580049 1
4: 0.831789 0.00521476 9.9991E-05 0.0197403 0.143156 1
5: 0.0155631 9.9982E-05 9.9982E-05 0.971613 0.0126242 1
6: 0.0336327 0.0179415 9.9982E-05 0.948226 9.9982E-05 1
7: 0.930492 9.9991E-05 0.000365339 0.0175423 0.0515005 1
8: 0.9996 9.997E-05 9.997E-05 9.997E-05 9.997E-05 1
9: 0.957961 9.9973E-05 9.9973E-05 9.9973E-05 0.0417395 1
10: 9.9973E-05 0.00283193 0.996868 9.9973E-05 9.9973E-05 1
11: 9.9973E-05 0.96783 0.03187 9.9973E-05 9.9973E-05 1
12: 9.9982E-05 0.0595329 0.911979 0.0282885 9.9982E-05 1
13: 9.9973E-05 9.9973E-05 0.998471 0.00122883 9.9973E-05 1
14: 0.00678922 0.600651 0.39236 9.9982E-05 9.9982E-05 1
15: 0.223103 0.0945728 0.0546856 0.627539 9.9991E-05 1
16: 0.941306 0.0149363 9.9982E-05 9.9982E-05 0.0435576 1
17: 0.992527 0.000897659 0.00347446 9.9991E-05 0.00300094 1
18: 0.9996 9.997E-05 9.997E-05 9.997E-05 9.997E-05 1
19: 0.9996 9.997E-05 9.997E-05 9.997E-05 9.997E-05 1
20: 0.876313 9.9991E-05 0.0118271 0.0338313 0.077929 1
21: 0.838937 9.9991E-05 0.0408305 0.00478308 0.11535 1
22: 0.927838 9.9982E-05 9.9982E-05 0.0180437 0.0539179 1
23: 0.0196785 0.0267466 9.9982E-05 0.953375 9.9982E-05 1
24: 9.9982E-05 0.00244458 0.97392 9.9982E-05 0.0234354 1
25: 9.997E-05 9.997E-05 9.997E-05 0.9996 9.997E-05 1
26: 9.997E-05 9.997E-05 9.997E-05 9.997E-05 0.9996 1
27: 9.997E-05 9.997E-05 9.997E-05 0.9996 9.997E-05 1
28: 9.997E-05 9.997E-05 9.997E-05 0.9996 9.997E-05 1
29: 9.997E-05 9.997E-05 9.997E-05 0.9996 9.997E-05 1
30: 9.9973E-05 9.9973E-05 9.9973E-05 0.977851 0.0218488 1
31: 9.9973E-05 9.9973E-05 0.0167464 0.982954 9.9973E-05 1
32: 9.997E-05 9.997E-05 9.997E-05 0.9996 9.997E-05 1
33: 9.9973E-05 9.9973E-05 0.0110488 9.9973E-05 0.988651 1
34: 0.0227799 0.0609146 0.884901 0.031304 9.9991E-05 1
35: 0.00437752 9.9982E-05 0.00411144 9.9982E-05 0.991311 1
36: 0.0110764 9.9991E-05 0.977448 0.00549771 0.005878 1
37: 9.9991E-05 0.0081416 0.000551368 0.0255384 0.965669 1
38: 9.997E-05 9.997E-05 9.997E-05 9.997E-05 0.9996 1
39: 9.9973E-05 9.9973E-05 0.99419 0.00551008 9.9973E-05 1
40: 0.00725752 9.9973E-05 0.992443 9.9973E-05 9.9973E-05 1
41: 0.0516075 9.9973E-05 9.9973E-05 9.9973E-05 0.948093 1
42: 0.0204678 9.9982E-05 0.957705 0.0216275 9.9982E-05 1
43: 9.9973E-05 9.9973E-05 9.9973E-05 0.0295965 0.970104 1
44: 9.9982E-05 0.905409 0.0695683 0.0248226 9.9982E-05 1
45: 9.9982E-05 0.435122 0.548165 0.0165128 9.9982E-05 1
46: 0.000799543 0.88537 0.106079 0.00765104 9.9991E-05 1
47: 0.013889 0.828429 0.1484 9.9991E-05 0.00918209 1
48: 9.9973E-05 0.363218 0.636482 9.9973E-05 9.9973E-05 1
49: 9.9973E-05 0.160959 0.838741 9.9973E-05 9.9973E-05 1
50: 9.9982E-05 0.471449 0.514801 9.9982E-05 0.0135501 1
51: 0.0357033 0.963997 9.9973E-05 9.9973E-05 9.9973E-05 1
52: 0.0277142 0.893122 0.0729741 0.00608964 9.9991E-05 1
53: 9.9982E-05 0.779461 0.215725 0.00461415 9.9982E-05 1
54: 9.9991E-05 0.497647 0.499652 0.000603498 0.00199816 1
55: 9.9982E-05 0.176609 0.819245 0.00394593 9.9982E-05 1
56: 9.997E-05 0.9996 9.997E-05 9.997E-05 9.997E-05 1
57: 9.9982E-05 0.602988 0.392066 9.9982E-05 0.00474642 1
58: 9.997E-05 9.997E-05 9.997E-05 9.997E-05 0.9996 1
59: 0.0199794 9.9982E-05 9.9982E-05 0.0213667 0.958454 1
60: 0.0249843 0.0268739 0.00147672 9.9991E-05 0.946565 1
61: 9.9973E-05 0.959472 0.0402284 9.9973E-05 9.9973E-05 1
62: 9.9973E-05 0.0449076 0.954793 9.9973E-05 9.9973E-05 1
63: 0.00199741 0.677331 0.316275 9.9991E-05 0.00429739 1
64: 0.0133337 0.603633 0.37777 9.9991E-05 0.00516322 1
65: 9.9982E-05 0.39513 0.595026 9.9982E-05 0.00964454 1
66: 0.0162168 0.301518 0.680039 9.9991E-05 0.0021263 1
67: 9.9982E-05 0.679158 0.298211 9.9982E-05 0.0224307 1
68: 9.9982E-05 0.095738 0.885356 9.9982E-05 0.0187063 1
69: 9.997E-05 9.997E-05 0.9996 9.997E-05 9.997E-05 1
70: 9.997E-05 0.9996 9.997E-05 9.997E-05 9.997E-05 1
71: 9.9973E-05 0.958565 0.0411352 9.9973E-05 9.9973E-05 1
72: 9.9991E-05 0.130547 0.830866 0.0207276 0.0177594 1
73: 9.9973E-05 0.55867 0.44103 9.9973E-05 9.9973E-05 1
74: 9.9973E-05 0.504844 0.494856 9.9973E-05 9.9973E-05 1
75: 9.9973E-05 0.216797 0.782903 9.9973E-05 9.9973E-05 1
76: 9.997E-05 9.997E-05 0.9996 9.997E-05 9.997E-05 1
77: 9.9982E-05 0.133413 0.840098 9.9982E-05 0.0262889 1
78: 9.9982E-05 0.358945 0.636231 9.9982E-05 0.00462485 1
79: 9.9973E-05 9.9973E-05 0.997178 0.00252217 9.9973E-05 1
80: 9.9991E-05 0.0695581 0.904146 0.000224731 0.0259716 1
81: 9.9973E-05 0.768153 0.231548 9.9973E-05 9.9973E-05 1
82: 0.0250784 0.964538 9.9982E-05 0.0101834 9.9982E-05 1
83: 9.9973E-05 0.408617 0.591083 9.9973E-05 9.9973E-05 1
84: 0.0501072 0.674095 0.275598 9.9982E-05 9.9982E-05 1
85: 0.0186789 0.686123 0.294999 9.9982E-05 9.9982E-05 1
86: 9.9982E-05 0.552816 0.434983 9.9982E-05 0.0120005 1
87: 9.9982E-05 0.286666 0.706687 0.00644622 9.9982E-05 1
88: 9.9973E-05 0.96379 0.0359105 9.9973E-05 9.9973E-05 1
89: 0.00861151 0.565755 0.425433 9.9982E-05 9.9982E-05 1
90: 9.9982E-05 0.644912 0.3526 0.00228792 9.9982E-05 1
91: 9.9991E-05 0.663102 0.296923 0.0229628 0.0169125 1
92: 9.997E-05 0.9996 9.997E-05 9.997E-05 9.997E-05 1
93: 0.00949193 0.327603 0.661989 0.000815462 9.9991E-05 1
94: 9.9982E-05 0.626301 0.346423 0.0270759 9.9982E-05 1
95: 9.9991E-05 0.847684 0.130876 0.0178068 0.0035327 1
96: 9.9973E-05 0.712386 0.287314 9.9973E-05 9.9973E-05 1
97: 0.0121845 0.510388 0.477227 9.9982E-05 9.9982E-05 1
98: 9.9982E-05 0.346212 0.636346 0.0172423 9.9982E-05 1
99: 9.9991E-05 0.944079 0.0357437 0.00757104 0.0125065 1
100: 0.0641621 9.9973E-05 9.9973E-05 9.9973E-05 0.935538 1
101: 9.9973E-05 9.9973E-05 0.011847 9.9973E-05 0.987853 1
102: 9.997E-05 9.997E-05 9.997E-05 9.997E-05 0.9996 1
103: 0.0623557 0.00400315 9.9991E-05 0.00759237 0.925949 1
104: 9.997E-05 9.997E-05 9.997E-05 9.997E-05 0.9996 1
105: 9.9973E-05 9.9973E-05 0.0149004 9.9973E-05 0.9848 1
106: 0.0167643 0.0545711 0.0332708 0.853698 0.0416954 1
107: 0.0160653 9.9973E-05 9.9973E-05 9.9973E-05 0.983635 1
108: 0.0378735 9.9982E-05 9.9982E-05 0.00926728 0.952659 1
109: 0.0522942 9.9973E-05 9.9973E-05 9.9973E-05 0.947406 1
110: 0.017073 9.9982E-05 9.9982E-05 0.0163896 0.966338 1
111: 0.0218598 0.0926548 0.842917 9.9991E-05 0.0424682 1
112: 0.9996 9.997E-05 9.997E-05 9.997E-05 9.997E-05 1
113: 0.118508 0.0186952 0.0380013 0.803525 0.0212699 1
114: 9.9973E-05 9.9973E-05 9.9973E-05 0.983784 0.0159158 1
115: 0.98919 9.9973E-05 9.9973E-05 9.9973E-05 0.0105101 1
116: 0.938022 9.9973E-05 9.9973E-05 9.9973E-05 0.061678 1
117: 0.921993 0.038211 9.9982E-05 9.9982E-05 0.039596 1
118: 0.878927 0.00760631 0.00606708 0.0263894 0.0810098 1
119: 0.0368623 9.9973E-05 9.9973E-05 0.962838 9.9973E-05 1

1: 0.00853891 0.0167854 0.799807 0.174768 9.9991E-05 1
2: 9.997E-05 9.997E-05 0.9996 9.997E-05 9.997E-05 1
3: 9.999E-05 0.00471124 0.95649 0.0270539 0.0116446 1
4: 0.0102764 0.0064815 0.816056 0.154754 0.012432 1
5: 9.9982E-05 0.964238 0.0174707 0.018091 9.9982E-05 1
6: 0.027955 0.904653 0.035281 9.9991E-05 0.0320107 1
7: 0.00713571 0.0230664 0.855636 0.107521 0.00664101 1
8: 9.997E-05 9.997E-05 0.9996 9.997E-05 9.997E-05 1
9: 9.9973E-05 9.9973E-05 0.942678 0.057022 9.9973E-05 1
10: 0.951659 9.9973E-05 9.9973E-05 9.9973E-05 0.0480406 1
11: 0.0169546 9.9973E-05 9.9973E-05 9.9973E-05 0.982746 1
12: 0.866407 0.0104058 0.0196439 9.9991E-05 0.103443 1
13: 0.9996 9.997E-05 9.997E-05 9.997E-05 9.997E-05 1
14: 0.403614 9.9973E-05 9.9973E-05 9.9973E-05 0.596086 1
15: 0.0496719 0.602641 0.246297 9.9991E-05 0.10129 1
16: 9.999E-05 0.00199697 0.874643 0.0668431 0.0564166 1
17: 0.0323746 9.9982E-05 0.957349 0.0100768 9.9982E-05 1
18: 9.997E-05 9.997E-05 0.9996 9.997E-05 9.997E-05 1
19: 9.997E-05 9.997E-05 0.9996 9.997E-05 9.997E-05 1
20: 0.0176573 0.0253586 0.907438 0.0465478 0.00299789 1
21: 0.0217475 0.00323301 0.861118 0.113801 9.9991E-05 1
22: 9.9982E-05 0.00565769 0.961544 0.0325982 9.9982E-05 1
23: 0.0154445 0.925747 0.0409738 9.9991E-05 0.0177347 1
24: 0.934526 9.9982E-05 9.9982E-05 0.0161321 0.0491421 1
25: 9.997E-05 0.9996 9.997E-05 9.997E-05 9.997E-05 1
26: 9.997E-05 9.997E-05 9.997E-05 0.9996 9.997E-05 1
27: 9.997E-05 0.9996 9.997E-05 9.997E-05 9.997E-05 1
28: 9.997E-05 0.9996 9.997E-05 9.997E-05 9.997E-05 1
29: 9.997E-05 0.9996 9.997E-05 9.997E-05 9.997E-05 1
30: 0.00191622 0.965335 9.9982E-05 0.032549 9.9982E-05 1
31: 0.00553351 0.994167 9.9973E-05 9.9973E-05 9.9973E-05 1
32: 9.997E-05 0.9996 9.997E-05 9.997E-05 9.997E-05 1
33: 0.0161791 9.9973E-05 9.9973E-05 0.983521 9.9973E-05 1
34: 0.8724 0.0456985 0.00739406 9.9991E-05 0.0744073 1
35: 9.997E-05 9.997E-05 9.997E-05 0.9996 9.997E-05 1
36: 0.931867 9.9982E-05 9.9982E-05 0.0288511 0.0390818 1
37: 9.9982E-05 0.0128647 9.9982E-05 0.976834 0.0101011 1
38: 9.9973E-05 9.9973E-05 9.9973E-05 0.987087 0.0126136 1
39: 0.986398 0.0133019 9.9973E-05 9.9973E-05 9.9973E-05 1
40: 0.981026 9.9982E-05 0.00502456 9.9982E-05 0.0137493 1
41: 0.0180597 9.9991E-05 0.038302 0.916856 0.0266823 1
42: 0.977929 0.0217715 9.9973E-05 9.9973E-05 9.9973E-05 1
43: 0.00241122 0.0185828 9.9982E-05 0.978806 9.9982E-05 1
44: 0.0636369 0.0126529 9.9991E-05 0.00220074 0.921409 1
45: 0.51897 0.0201888 9.9982E-05 9.9982E-05 0.460642 1
46: 0.0924369 9.9982E-05 0.0249657 9.9982E-05 0.882397 1
47: 0.0813664 0.00434564 9.9991E-05 0.0309825 0.883205 1
48: 0.62773 0.00491559 9.9982E-05 9.9982E-05 0.367155 1
49: 0.794493 9.9973E-05 9.9973E-05 9.9973E-05 0.205207 1
50: 0.456603 9.9973E-05 9.9973E-05 9.9973E-05 0.543097 1
51: 9.9973E-05 9.9973E-05 0.0369476 9.9973E-05 0.962752 1
52: 0.0591993 0.0355451 0.0123657 9.9991E-05 0.89279 1
53: 0.220139 9.9973E-05 9.9973E-05 9.9973E-05 0.779561 1
54: 0.497162 9.9973E-05 9.9973E-05 9.9973E-05 0.502538 1
55: 0.762572 0.00234658 9.9982E-05 9.9982E-05 0.234882 1
56: 9.9973E-05 9.9973E-05 0.00583477 9.9973E-05 0.993865 1
57: 0.355254 9.9973E-05 9.9973E-05 9.9973E-05 0.644446 1
58: 9.997E-05 9.997E-05 9.997E-05 0.9996 9.997E-05 1
59: 9.9982E-05 0.0258489 0.0479318 0.926019 9.9982E-05 1
60: 0.014463 0.00910509 0.00853861 0.95999 0.00790302 1
61: 0.041166 9.9973E-05 9.9973E-05 9.9973E-05 0.958534 1
62: 0.898949 0.0136113 9.9991E-05 0.000864387 0.0864755 1
63: 0.305636 9.9991E-05 0.0175665 0.0116778 0.665019 1
64: 0.372178 9.9982E-05 9.9982E-05 0.00876511 0.618857 1
65: 0.586235 9.9973E-05 9.9973E-05 9.9973E-05 0.413465 1
66: 0.676552 9.9973E-05 9.9973E-05 9.9973E-05 0.323148 1
67: 0.274187 9.9982E-05 9.9982E-05 0.00958841 0.716025 1
68: 0.942264 9.9982E-05 9.9982E-05 0.00326274 0.0542735 1
69: 0.9996 9.997E-05 9.997E-05 9.997E-05 9.997E-05 1
70: 9.997E-05 9.997E-05 9.997E-05 9.997E-05 0.9996 1
71: 9.9982E-05 9.9982E-05 0.00868047 0.0151921 0.975927 1
72: 0.842164 0.0514865 9.9991E-05 0.0188406 0.0874084 1
73: 0.503129 0.011035 9.9982E-05 9.9982E-05 0.485636 1
74: 0.514195 9.9973E-05 9.9973E-05 9.9973E-05 0.485505 1
75: 0.797641 9.9973E-05 9.9973E-05 9.9973E-05 0.202059 1
76: 0.994698 9.9982E-05 0.00360473 0.00149755 9.9982E-05 1
77: 0.862235 9.9982E-05 9.9982E-05 0.00113618 0.136429 1
78: 0.62084 9.9982E-05 9.9982E-05 0.0155142 0.363446 1
79: 0.987099 0.00726768 0.00543334 9.9982E-05 9.9982E-05 1
80: 0.952819 0.0142004 9.9982E-05 0.0327811 9.9982E-05 1
81: 0.271945 9.9973E-05 9.9973E-05 9.9973E-05 0.727755 1
82: 9.9991E-05 0.000790565 0.0118307 0.0274694 0.959809 1
83: 0.493059 9.9973E-05 9.9973E-05 9.9973E-05 0.506641 1
84: 0.212982 0.0210261 0.013487 0.00519139 0.747314 1
85: 0.288717 9.9982E-05 9.9982E-05 0.00380525 0.707278 1
86: 0.394967 9.9973E-05 9.9973E-05 9.9973E-05 0.604733 1
87: 0.692143 0.00377605 9.9982E-05 9.9982E-05 0.303881 1
88: 0.0252464 9.9973E-05 9.9973E-05 9.9973E-05 0.974454 1
89: 0.372233 9.99833E-05 0.0151965 9.99833E-05 0.612371 1
90: 0.379626 0.0099248 0.00119224 0.0164322 0.592824 1
91: 0.278127 0.0119807 0.0122869 9.9991E-05 0.697505 1
92: 9.997E-05 9.997E-05 9.997E-05 9.997E-05 0.9996 1
93: 0.644027 9.9982E-05 0.0122974 9.9982E-05 0.343476 1
94: 0.364813 0.0189616 9.9982E-05 9.9982E-05 0.616026 1
95: 0.131525 0.00428481 9.998E-05 9.998E-05 0.86399 1
96: 0.324288 9.9973E-05 9.9973E-05 9.9973E-05 0.675412 1
97: 0.419557 9.9982E-05 9.9982E-05 0.0093947 0.570849 1
98: 0.645891 9.9973E-05 9.9973E-05 9.9973E-05 0.353809 1
99: 9.9982E-05 0.0113834 9.9982E-05 0.0145013 0.973915 1
100: 0.0228204 9.9991E-05 0.0631716 0.91105 0.00285847 1
101: 9.997E-05 9.997E-05 9.997E-05 0.9996 9.997E-05 1
102: 9.997E-05 9.997E-05 9.997E-05 0.9996 9.997E-05 1
103: 9.9973E-05 9.9973E-05 0.0712329 0.928467 9.9973E-05 1
104: 9.997E-05 9.997E-05 9.997E-05 0.9996 9.997E-05 1
105: 0.0135592 9.9973E-05 9.9973E-05 0.986141 9.9973E-05 1
106: 0.0222018 0.851666 0.0400737 0.0327395 0.0533192 1
107: 9.997E-05 9.997E-05 9.997E-05 0.9996 9.997E-05 1
108: 9.9982E-05 0.00967935 0.0313454 0.958775 9.9982E-05 1
109: 9.997E-05 9.997E-05 0.038428 0.961272 9.997E-05 1
110: 9.9973E-05 9.9973E-05 0.0468399 0.95286 9.9973E-05 1
111: 0.825645 9.9982E-05 0.0416055 9.9982E-05 0.132549 1
112: 9.997E-05 9.997E-05 0.9996 9.997E-05 9.997E-05 1
113: 9.9991E-05 0.785659 0.0986682 0.0355487 0.0800236 1
114: 9.9973E-05 0.997138 9.9973E-05 0.00256226 9.9973E-05 1
115: 9.99785E-05 0.00625298 0.993447 9.99785E-05 9.99785E-05 1
116: 9.9982E-05 0.0165937 0.942386 0.0408206 9.9982E-05 1
117: 9.9982E-05 9.9982E-05 0.887085 0.069412 0.0433035 1
118: 0.0323539 0.0309619 0.880661 0.0559233 9.9991E-05 1
119: 9.9982E-05 0.951829 0.0270125 0.0209586 9.9982E-05 1

1: 9.9991E-05 0.00466308 0.185188 0.792566 0.0174831 1
2: 9.997E-05 9.997E-05 9.997E-05 0.9996 9.997E-05 1
3: 9.9982E-05 9.9982E-05 0.0391935 0.945046 0.015561 1
4: 0.0302087 0.0171506 0.151514 0.801027 9.9991E-05 1
5: 0.00165575 9.9982E-05 9.9982E-05 0.0214541 0.97669 1
6: 9.9982E-05 0.0541706 9.9982E-05 0.0137312 0.931898 1
7: 9.9991E-05 0.00789392 0.0557336 0.898068 0.0382049 1
8: 9.997E-05 9.997E-05 9.997E-05 0.9996 9.997E-05 1
9: 0.0154744 0.00191868 0.0415683 0.940939 9.9991E-05 1
10: 0.0391795 0.960521 9.9973E-05 9.9973E-05 9.9973E-05 1
11: 0.967014 0.0326856 9.9973E-05 9.9973E-05 9.9973E-05 1
12: 0.0731118 0.901795 9.9991E-05 0.00815617 0.0168373 1
13: 9.997E-05 0.9996 9.997E-05 9.997E-05 9.997E-05 1
14: 0.635029 0.34916 0.0108107 0.00490028 9.9991E-05 1
15: 0.112914 0.0284506 9.9991E-05 0.215133 0.643403 1
16: 0.0423088 9.9982E-05 0.0244496 0.933042 9.9982E-05 1
17: 9.9973E-05 0.00970134 9.9973E-05 0.989999 9.9973E-05 1
18: 9.997E-05 9.997E-05 9.997E-05 0.9996 9.997E-05 1
19: 9.997E-05 9.997E-05 9.997E-05 0.9996 9.997E-05 1
20: 0.00927364 0.00672505 0.0670532 0.902708 0.0142401 1
21: 9.999E-05 0.0251393 0.129375 0.843811 0.00157471 1
22: 9.9982E-05 9.9982E-05 0.0590906 0.938844 0.00186532 1
23: 9.9982E-05 0.0312982 9.9982E-05 0.00836715 0.960135 1
24: 0.0249271 0.935678 0.0391949 9.9982E-05 9.9982E-05 1
25: 9.997E-05 9.997E-05 9.997E-05 9.997E-05 0.9996 1
26: 9.997E-05 9.997E-05 0.9996 9.997E-05 9.997E-05 1
27: 9.997E-05 9.997E-05 9.997E-05 9.997E-05 0.9996 1
28: 9.997E-05 9.997E-05 9.997E-05 9.997E-05 0.9996 1
29: 9.997E-05 9.997E-05 9.997E-05 9.997E-05 0.9996 1
30: 9.9982E-05 0.0175404 0.0270013 9.9982E-05 0.955258 1
31: 9.9973E-05 0.00766393 9.9973E-05 9.9973E-05 0.992036 1
32: 9.997E-05 9.997E-05 9.997E-05 9.997E-05 0.9996 1
33: 0.0195381 9.9973E-05 0.980162 9.9973E-05 9.9973E-05 1
34: 0.0342692 0.904106 9.9991E-05 0.0203236 0.0412016 1
35: 9.9973E-05 9.9973E-05 0.999399 0.000300983 9.9973E-05 1
36: 0.0434485 0.926237 0.0282374 0.00197739 9.9991E-05 1
37: 9.9982E-05 0.0176885 0.979897 9.9982E-05 0.00221462 1
38: 0.00295519 9.9982E-05 0.996365 9.9982E-05 0.000479568 1
39: 9.9982E-05 0.994915 9.9982E-05 0.00334923 0.00153539 1
40: 0.00982287 0.968525 0.0193931 0.00215888 9.9991E-05 1
41: 0.0333687 9.998E-05 0.943995 0.0224364 9.998E-05 1
42: 9.9982E-05 0.979038 9.9982E-05 0.0144685 0.00629381 1
43: 0.0150688 9.9982E-05 0.977031 9.9982E-05 0.00770048 1
44: 0.92777 0.059479 9.9982E-05 9.9982E-05 0.0125514 1
45: 0.426071 0.542114 9.998E-05 9.998E-05 0.0316149 1
46: 0.876153 0.0889999 9.9991E-05 0.0199296 0.0148174 1
47: 0.898062 0.0722566 9.9991E-05 0.0195873 0.00999383 1
48: 0.41866 0.58104 9.9973E-05 9.9973E-05 9.9973E-05 1
49: 0.19734 0.802361 9.9973E-05 9.9973E-05 9.9973E-05 1
50: 0.587649 0.405695 0.00645632 9.9982E-05 9.9982E-05 1
51: 0.970799 9.9973E-05 9.9973E-05 0.0289015 9.9973E-05 1
52: 0.912648 0.0553907 9.9991E-05 0.0205567 0.0113047 1
53: 0.820938 0.178762 9.9973E-05 9.9973E-05 9.9973E-05 1
54: 0.526848 0.469971 9.9982E-05 9.9982E-05 0.00298099 1
55: 0.230015 0.766603 9.998E-05 9.998E-05 0.0031815 1
56: 0.990406 0.00929417 9.9973E-05 9.9973E-05 9.9973E-05 1
57: 0.560798 0.438902 9.9973E-05 9.9973E-05 9.9973E-05 1
58: 9.997E-05 9.997E-05 0.9996 9.997E-05 9.997E-05 1
59: 9.99731E-05 9.99731E-05 0.940943 0.0587569 9.99731E-05 1
60: 9.9982E-05 0.0145726 0.930957 0.0542709 9.9982E-05 1
61: 0.953481 0.0462193 9.9973E-05 9.9973E-05 9.9973E-05 1
62: 0.127945 0.858187 9.998E-05 9.998E-05 0.0136679 1
63: 0.672748 0.316593 0.00735153 0.00320709 9.9991E-05 1
64: 0.674574 0.320753 9.9982E-05 0.00447334 9.9982E-05 1
65: 0.411283 0.588417 9.9973E-05 9.9973E-05 9.9973E-05 1
66: 0.343835 0.652169 9.9982E-05 0.00379551 9.9982E-05 1
67: 0.767052 0.211155 0.021593 9.9982E-05 9.9982E-05 1
68: 0.0532729 0.946427 9.9973E-05 9.9973E-05 9.9973E-05 1
69: 9.997E-05 0.9996 9.997E-05 9.997E-05 9.997E-05 1
70: 0.997781 9.9973E-05 9.9973E-05 9.9973E-05 0.00191867 1
71: 0.927926 0.0484406 0.0223802 9.9991E-05 0.00115318 1
72: 0.165988 0.791986 0.0243699 9.9991E-05 0.0175563 1
73: 0.570846 0.428854 9.9973E-05 9.9973E-05 9.9973E-05 1
74: 0.499179 0.500522 9.9973E-05 9.9973E-05 9.9973E-05 1
75: 0.168447 0.831253 9.9973E-05 9.9973E-05 9.9973E-05 1
76: 9.9973E-05 0.969755 9.9973E-05 0.0299449 9.9973E-05 1
77: 0.155293 0.840423 0.000155869 0.00402832 9.9991E-05 1
78: 0.369437 0.620667 0.00969657 9.9982E-05 9.9982E-05 1
79: 9.9973E-05 0.979209 9.9973E-05 9.9973E-05 0.0204907 1
80: 9.9973E-05 0.974588 0.0251116 9.9973E-05 9.9973E-05 1
81: 0.724838 0.274862 9.9973E-05 9.9973E-05 9.9973E-05 1
82: 0.964619 9.9982E-05 0.00721283 0.0279686 9.9982E-05 1
83: 0.514755 0.484945 9.9973E-05 9.9973E-05 9.9973E-05 1
84: 0.699303 0.265823 9.9991E-05 0.0168972 0.0178768 1
85: 0.690283 0.287913 9.9982E-05 0.0216033 9.9982E-05 1
86: 0.584836 0.405356 0.00490223 0.00480607 9.9991E-05 1
87: 0.306818 0.673742 9.9982E-05 9.9982E-05 0.0192398 1
88: 0.953677 0.0347194 0.0114041 9.9982E-05 9.9982E-05 1
89: 0.625911 0.370124 0.0028017 0.00106378 9.9991E-05 1
90: 0.644795 0.354905 9.9973E-05 9.9973E-05 9.9973E-05 1
91: 0.656679 0.298838 9.9991E-05 0.019385 0.0249977 1
92: 0.9996 9.997E-05 9.997E-05 9.997E-05 9.997E-05 1
93: 0.413125 0.583545 9.9982E-05 0.00312972 9.9982E-05 1
94: 0.620549 0.364451 9.9982E-05 9.9982E-05 0.0148007 1
95: 0.918531 0.0628202 9.9982E-05 9.9982E-05 0.0184491 1
96: 0.703292 0.289528 0.00447439 0.00260503 9.9991E-05 1
97: 0.51656 0.466571 0.0105791 0.00619074 9.9991E-05 1
98: 0.343245 0.646563 9.99839E-05 9.99839E-05 0.00999182 1
99: 0.971513 9.9982E-05 0.00741992 9.9982E-05 0.0208667 1
100: 9.9982E-05 0.000513149 0.939673 0.0596138 9.9982E-05 1
101: 9.997E-05 9.997E-05 0.9996 9.997E-05 9.997E-05 1
102: 9.997E-05 9.997E-05 0.9996 9.997E-05 9.997E-05 1
103: 9.9982E-05 9.9982E-05 0.93209 0.0601127 0.00759778 1
104: 0.0304767 0.00376198 0.965561 9.9982E-05 9.9982E-05 1
105: 9.9982E-05 0.000767774 0.993182 0.00585006 9.9982E-05 1
106: 0.0241264 0.0338585 0.028459 0.0422757 0.87128 1
107: 9.997E-05 9.997E-05 0.9996 9.997E-05 9.997E-05 1
108: 0.00411517 9.9991E-05 0.972003 0.0153577 0.00842428 1
109: 9.9973E-05 9.9973E-05 0.974051 0.0256492 9.9973E-05 1
110: 9.9982E-05 9.9982E-05 0.967098 0.00540415 0.0272983 1
111: 0.135242 0.837766 9.9982E-05 0.0267919 9.9982E-05 1
112: 9.997E-05 9.997E-05 9.997E-05 0.9996 9.997E-05 1
113: 0.042378 9.9991E-05 0.00700717 0.129698 0.820817 1
114: 9.9973E-05 9.9973E-05 0.0300308 9.9973E-05 0.969669 1
115: 9.9973E-05 9.9973E-05 0.00107287 0.998627 9.9973E-05 1
116: 9.9982E-05 9.9982E-05 0.0280465 0.96223 0.00952384 1
117: 0.0350203 9.9991E-05 0.0358681 0.908608 0.0204031 1
118: 9.9991E-05 0.00985698 0.0868723 0.872499 0.0306716 1
119: 9.9982E-05 9.9982E-05 0.00901227 0.0282609 0.962527 1

1: 0.206294 0.742542 0.0412348 0.00982889 9.9991E-05 1
2: 9.997E-05 0.9996 9.997E-05 9.997E-05 9.997E-05 1
3: 0.0359849 0.949014 9.9991E-05 0.0121711 0.00273004 1
4: 0.158331 0.827099 9.9982E-05 0.0143701 9.9982E-05 1
5: 0.0161281 0.0124307 9.9982E-05 0.971241 9.9982E-05 1
6: 9.999E-05 0.049365 0.021621 0.922742 0.00617182 1
7: 0.0491399 0.925487 0.0196414 0.00563197 9.9991E-05 1
8: 9.997E-05 0.9996 9.997E-05 9.997E-05 9.997E-05 1
9: 0.0455556 0.95148 9.9982E-05 0.00276469 9.9982E-05 1
10: 9.9973E-05 9.9973E-05 0.933218 9.9973E-05 0.0664825 1
11: 9.9973E-05 9.9973E-05 0.00920207 9.9973E-05 0.990498 1
12: 9.9982E-05 9.9982E-05 0.923784 0.0113427 0.0646728 1
13: 9.997E-05 9.997E-05 0.9996 9.997E-05 9.997E-05 1
14: 9.999E-05 0.00930502 0.382485 0.00430524 0.603804 1
15: 9.999E-05 0.236886 0.0488061 0.616506 0.097702 1
16: 0.0507736 0.897746 0.0122656 0.0250079 0.0142073 1
17: 0.0339937 0.965706 9.9973E-05 9.9973E-05 9.9973E-05 1
18: 9.997E-05 0.9996 9.997E-05 9.997E-05 9.997E-05 1
19: 9.997E-05 0.9996 9.997E-05 9.997E-05 9.997E-05 1
20: 0.0908491 0.889552 0.00138577 0.00760804 0.0106054 1
21: 0.0720829 0.886769 9.9982E-05 9.9982E-05 0.040948 1
22: 0.0495226 0.937274 9.9982E-05 0.0130037 9.9982E-05 1
23: 9.9982E-05 0.0114279 0.023115 0.965257 9.9982E-05 1
24: 0.0329342 9.9982E-05 0.957446 9.9982E-05 0.00941952 1
25: 0.000984315 9.9982E-05 9.9982E-05 0.992811 0.00600433 1
26: 0.9996 9.997E-05 9.997E-05 9.997E-05 9.997E-05 1
27: 9.997E-05 9.997E-05 9.997E-05 0.9996 9.997E-05 1
28: 9.997E-05 9.997E-05 9.997E-05 0.9996 9.997E-05 1
29: 9.997E-05 9.997E-05 9.997E-05 0.9996 9.997E-05 1
30: 0.034358 9.9982E-05 0.00345764 0.961984 9.9982E-05 1
31: 9.997E-05 9.997E-05 9.997E-05 0.9996 9.997E-05 1
32: 9.997E-05 9.997E-05 9.997E-05 0.9996 9.997E-05 1
33: 0.9996 9.997E-05 9.997E-05 9.997E-05 9.997E-05 1
34: 9.9991E-05 0.00757136 0.903588 0.0393103 0.0494308 1
35: 0.9996 9.997E-05 9.997E-05 9.997E-05 9.997E-05 1
36: 0.023108 9.9991E-05 0.959246 0.00274705 0.0147988 1
37: 0.972156 9.9982E-05 9.9982E-05 0.0177599 0.00988373 1
38: 0.986448 0.0123428 9.9982E-05 9.9982E-05 0.00100937 1
39: 9.997E-05 9.997E-05 0.9996 9.997E-05 9.997E-05 1
40: 9.9973E-05 0.00435675 0.995343 9.9973E-05 9.9973E-05 1
41: 0.94673 0.0106062 0.0424637 9.9982E-05 9.9982E-05 1
42: 9.9982E-05 0.00531256 0.976283 0.0182046 9.9982E-05 1
43: 0.98631 9.9982E-05 0.00641182 0.00707812 9.9982E-05 1
44: 9.9982E-05 9.9982E-05 0.0682045 0.00979789 0.921798 1
45: 9.9982E-05 9.9982E-05 0.531825 0.0301405 0.437835 1
46: 9.9982E-05 9.9982E-05 0.12389 0.00506356 0.870847 1
47: 0.000363669 0.0053181 0.11311 0.0111654 0.870043 1
48: 9.9973E-05 9.9973E-05 0.596489 9.9973E-05 0.403211 1
49: 9.9973E-05 9.9973E-05 0.829286 9.9973E-05 0.170414 1
50: 9.9973E-05 9.9973E-05 0.440022 9.9973E-05 0.559678 1
51: 9.9973E-05 0.029436 9.9973E-05 9.9973E-05 0.970264 1
52: 9.9991E-05 0.00321244 0.100237 0.0173578 0.879093 1
53: 9.9973E-05 9.9973E-05 0.201251 9.9973E-05 0.79845 1
54: 9.9973E-05 9.9973E-05 0.541437 9.9973E-05 0.458263 1
55: 9.9982E-05 9.9982E-05 0.742373 0.000130758 0.257297 1
56: 9.9973E-05 9.9973E-05 0.0228843 9.9973E-05 0.976816 1
57: 0.00659231 9.9982E-05 0.389788 9.9982E-05 0.60342 1
58: 0.9996 9.997E-05 9.997E-05 9.997E-05 9.997E-05 1
59: 0.923894 0.0574845 9.9982E-05 0.0184217 9.9982E-05 1
60: 0.975102 9.9973E-05 9.9973E-05 9.9973E-05 0.0245977 1
61: 9.9973E-05 9.9973E-05 0.0404038 9.9973E-05 0.959296 1
62: 9.9982E-05 9.9982E-05 0.978012 0.00942145 0.0123667 1
63: 0.0111939 0.0119882 0.297131 9.9991E-05 0.679587 1
64: 0.0062166 9.9982E-05 0.347561 9.9982E-05 0.646023 1
65: 0.00807557 9.9982E-05 0.605069 9.9982E-05 0.386656 1
66: 9.9973E-05 9.9973E-05 0.685357 9.9973E-05 0.314343 1
67: 0.000668282 0.000549274 0.292003 9.9991E-05 0.706679 1
68: 0.00580356 9.9991E-05 0.953874 0.00450731 0.0357149 1
69: 9.997E-05 9.997E-05 0.9996 9.997E-05 9.997E-05 1
70: 9.997E-05 9.997E-05 9.997E-05 9.997E-05 0.9996 1
71: 0.0157865 0.00444247 0.00276723 9.9991E-05 0.976904 1
72: 0.0104992 0.00478906 0.832403 0.01537 0.136939 1
73: 9.9982E-05 9.9982E-05 0.468781 0.00150539 0.529513 1
74: 9.9973E-05 9.9973E-05 0.552134 9.9973E-05 0.447566 1
75: 9.9973E-05 9.9973E-05 0.785692 9.9973E-05 0.214008 1
76: 9.9973E-05 0.0020526 0.997647 9.9973E-05 9.9973E-05 1
77: 0.0228476 9.9982E-05 0.856847 9.9982E-05 0.120105 1
78: 0.0265767 9.9982E-05 0.612019 9.9982E-05 0.361204 1
79: 9.9973E-05 9.9973E-05 0.997424 0.00227624 9.9973E-05 1
80: 0.0162781 9.9991E-05 0.934258 0.00496471 0.0443987 1
81: 9.9973E-05 9.9973E-05 0.274362 9.9973E-05 0.725338 1
82: 0.0192155 0.0131533 9.9982E-05 9.9982E-05 0.967431 1
83: 9.9973E-05 9.9973E-05 0.486178 9.9973E-05 0.513522 1
84: 0.0012714 0.0109842 0.28446 0.016115 0.687169 1
85: 9.9982E-05 0.00694801 0.320039 9.9982E-05 0.672814 1
86: 0.0103808 0.00706116 0.432611 9.9991E-05 0.549847 1
87: 9.9982E-05 9.9982E-05 0.66614 0.0104416 0.323218 1
88: 9.9973E-05 9.9973E-05 0.0276284 9.9973E-05 0.972072 1
89: 0.00776757 0.0192215 0.441083 0.00677607 0.525152 1
90: 9.9973E-05 9.9973E-05 0.377561 9.9973E-05 0.622139 1
91: 0.0125142 9.9991E-05 0.267518 0.0159784 0.70389 1
92: 9.997E-05 9.997E-05 9.997E-05 9.997E-05 0.9996 1
93: 9.9982E-05 0.016389 0.613812 9.9982E-05 0.369599 1
94: 9.9991E-05 0.0224894 0.382249 0.0048983 0.590263 1
95: 9.9982E-05 9.9982E-05 0.102386 0.011189 0.886225 1
96: 9.9982E-05 0.0116647 0.331893 9.9982E-05 0.656242 1
97: 0.0192845 9.9982E-05 0.457368 9.9982E-05 0.523148 1
98: 9.9982E-05 9.9982E-05 0.652434 0.0207961 0.326569 1
99: 0.016435 9.9973E-05 9.9973E-05 9.9973E-05 0.983265 1
100: 0.921931 0.0499335 0.0279354 9.9982E-05 9.9982E-05 1
101: 0.981986 9.9973E-05 0.0177139 9.9973E-05 9.9973E-05 1
102: 0.9996 9.997E-05 9.997E-05 9.997E-05 9.997E-05 1
103: 0.929871 0.0649459 9.9982E-05 0.00498311 9.9982E-05 1
104: 0.999031 9.9973E-05 9.9973E-05 9.9973E-05 0.000668973 1
105: 0.97776 9.9982E-05 0.0161115 0.00592871 9.9982E-05 1
106: 0.0351048 0.032715 0.00651051 0.863977 0.0616926 1
107: 0.9996 9.997E-05 9.997E-05 9.997E-05 9.997E-05 1
108: 0.925803 0.054237 9.9991E-05 0.0169297 0.00292995 1
109: 0.993366 0.004052 0.00150832 9.9991E-05 0.000973482 1
110: 0.977757 0.0117567 9.9982E-05 0.0102861 9.9982E-05 1
111: 0.018611 0.0258004 0.868997 9.9991E-05 0.0864916 1
112: 9.997E-05 0.9996 9.997E-05 9.997E-05 9.997E-05 1
113: 0.0157348 0.120462 0.0443914 0.804621 0.0147915 1
114: 0.0185907 9.9982E-05 0.00408124 0.977128 9.9982E-05 1
115: 9.997E-05 0.9996 9.997E-05 9.997E-05 9.997E-05 1
