  1:   0.0138  0.0383  0.9479  1
  2:   0.0035  0.0230  0.9735  1
  3:   0.0064  0.0535  0.9401  1
  4:   0.0382  0.0351  0.9266  1
  5:   0.0018  0.9717  0.0265  1
  6:   0.0363  0.9530  0.0107  1
  7:   0.0169  0.0642  0.9189  1
  8:   0.0035  0.0212  0.9754  1
  9:   0.0052  0.0460  0.9488  1
 10:   0.9998  0.0001  0.0001  1
 11:   0.9989  0.0009  0.0002  1
 12:   0.9615  0.0286  0.0099  1
 13:   0.9932  0.0062  0.0006  1
 14:   0.9941  0.0012  0.0048  1
 15:   0.1425  0.6541  0.2034  1
 16:   0.0383  0.0487  0.9130  1
 17:   0.0225  0.0225  0.9550  1
 18:   0.0030  0.0221  0.9749  1
 19:   0.0026  0.0219  0.9755  1
 20:   0.0174  0.0632  0.9194  1
 21:   0.0281  0.0457  0.9261  1
 22:   0.0055  0.0529  0.9416  1
 23:   0.0328  0.9602  0.0070  1
 24:   0.9791  0.0011  0.0198  1
 25:   0.0008  0.9986  0.0006  1
 26:   0.0001  0.0001  0.9998  1
 27:   0.0001  0.9998  0.0001  1
 28:   0.0001  0.9998  0.0001  1
 29:   0.0001  0.9998  0.0001  1
 30:   0.0083  0.9825  0.0092  1
 31:   0.0067  0.9932  0.0001  1
 32:   0.0001  0.9998  0.0001  1
 33:   0.0051  0.0001  0.9948  1
 34:   0.9418  0.0445  0.0136  1
 35:   0.0007  0.0002  0.9992  1
 36:   0.9693  0.0051  0.0256  1
 37:   0.0075  0.0089  0.9837  1
 38:   0.0016  0.0009  0.9976  1
 39:   0.9834  0.0133  0.0033  1
 40:   0.9900  0.0011  0.0089  1
 41:   0.0181  0.0001  0.9817  1
 42:   0.9607  0.0307  0.0086  1
 43:   0.0066  0.0046  0.9888  1
 44:   0.9771  0.0208  0.0021  1
 45:   0.9670  0.0319  0.0011  1
 46:   0.9791  0.0055  0.0154  1
 47:   0.9687  0.0052  0.0261  1
 48:   0.9988  0.0011  0.0001  1
 49:   0.9998  0.0001  0.0001  1
 50:   0.9917  0.0002  0.0081  1
 51:   0.9612  0.0028  0.0360  1
 52:   0.9650  0.0162  0.0188  1
 53:   0.9934  0.0025  0.0040  1
 54:   0.9978  0.0019  0.0003  1
 55:   0.9953  0.0043  0.0004  1
 56:   0.9975  0.0008  0.0017  1
 57:   0.9971  0.0001  0.0028  1
 58:   0.0008  0.0001  0.9991  1
 59:   0.0003  0.0006  0.9991  1
 60:   0.0232  0.0004  0.9764  1
 61:   0.9988  0.0009  0.0003  1
 62:   0.9820  0.0151  0.0029  1
 63:   0.9790  0.0001  0.0209  1
 64:   0.9816  0.0005  0.0179  1
 65:   0.9946  0.0008  0.0046  1
 66:   0.9958  0.0004  0.0039  1
 67:   0.9817  0.0002  0.0181  1
 68:   0.9954  0.0028  0.0018  1
 69:   0.9960  0.0038  0.0001  1
 70:   0.9924  0.0019  0.0057  1
 71:   0.9831  0.0003  0.0166  1
 72:   0.9514  0.0252  0.0234  1
 73:   0.9974  0.0015  0.0010  1
 74:   0.9998  0.0001  0.0001  1
 75:   0.9998  0.0001  0.0001  1
 76:   0.9851  0.0043  0.0106  1
 77:   0.9744  0.0013  0.0243  1
 78:   0.9803  0.0006  0.0191  1
 79:   0.9789  0.0207  0.0004  1
 80:   0.9621  0.0126  0.0253  1
 81:   0.9992  0.0003  0.0005  1
 82:   0.9518  0.0008  0.0474  1
 83:   0.9995  0.0004  0.0001  1
 84:   0.9584  0.0194  0.0222  1
 85:   0.9833  0.0001  0.0166  1
 86:   0.9855  0.0004  0.0141  1
 87:   0.9811  0.0186  0.0003  1
 88:   0.9986  0.0001  0.0013  1
 89:   0.9786  0.0035  0.0179  1
 90:   0.9954  0.0023  0.0023  1
 91:   0.9632  0.0213  0.0155  1
 92:   0.9933  0.0015  0.0053  1
 93:   0.9960  0.0020  0.0020  1
 94:   0.9802  0.0188  0.0011  1
 95:   0.9829  0.0149  0.0023  1
 96:   0.9941  0.0030  0.0029  1
 97:   0.9821  0.0001  0.0178  1
 98:   0.9893  0.0105  0.0003  1
 99:   0.9694  0.0098  0.0208  1
100:   0.0033  0.0001  0.9966  1
101:   0.0036  0.0001  0.9963  1
102:   0.0003  0.0001  0.9996  1
103:   0.0006  0.0005  0.9989  1
104:   0.0032  0.0001  0.9967  1
105:   0.0042  0.0001  0.9957  1
106:   0.0686  0.8723  0.0591  1
107:   0.0002  0.0001  0.9997  1
108:   0.0011  0.0008  0.9981  1
109:   0.0008  0.0001  0.9991  1
110:   0.0007  0.0013  0.9981  1
111:   0.9594  0.0004  0.0402  1
112:   0.0034  0.0217  0.9749  1
113:   0.0503  0.8206  0.1291  1
114:   0.0037  0.9860  0.0103  1
115:   0.0008  0.0463  0.9529  1
116:   0.0050  0.0525  0.9425  1
117:   0.0489  0.0405  0.9106  1
118:   0.0182  0.0653  0.9165  1
119:   0.0005  0.9666  0.0329  1
