1: 0.138985 9.99641E-05 0.00909826 9.99641E-05 9.99641E-05 9.99641E-05 0.566136 0.285381 1
2: 9.994E-05 9.994E-05 9.994E-05 9.994E-05 9.994E-05 9.994E-05 9.994E-05 0.9993 1
3: 9.994E-05 9.994E-05 9.994E-05 9.994E-05 9.994E-05 9.994E-05 0.9993 9.994E-05 1
4: 0.163716 0.00673635 0.00189179 9.9982E-05 0.0225499 9.9982E-05 0.0795901 0.725316 1
5: 9.9964E-05 9.9964E-05 0.879584 0.0902407 0.0030613 9.9964E-05 0.0267141 9.9964E-05 1
6: 9.9964E-05 9.9964E-05 0.915698 0.00960618 9.9964E-05 0.0338219 9.9964E-05 0.0404739 1
7: 9.9964E-05 0.0108213 0.0133653 9.9964E-05 9.9964E-05 9.9964E-05 0.827358 0.148056 1
8: 9.994E-05 9.994E-05 9.994E-05 9.994E-05 9.994E-05 9.994E-05 9.994E-05 0.9993 1
9: 0.04676 9.9964E-05 0.0126966 9.9964E-05 9.9964E-05 9.9964E-05 0.149913 0.79023 1
10: 9.99461E-05 0.849061 9.99461E-05 9.99461E-05 9.99461E-05 0.150339 9.99461E-05 9.99461E-05 1
11: 9.9946E-05 9.9946E-05 9.9946E-05 9.9946E-05 0.231405 0.767995 9.9946E-05 9.9946E-05 1
12: 9.9973E-05 0.836795 0.00724077 0.00728093 9.9973E-05 0.138939 9.9973E-05 0.00944418 1
13: 0.00300979 0.996391 9.99461E-05 9.99461E-05 9.99461E-05 9.99461E-05 9.99461E-05 9.99461E-05 1
14: 9.9946E-05 0.335494 9.9946E-05 9.9946E-05 9.9946E-05 0.663907 9.9946E-05 9.9946E-05 1
15: 9.994E-05 9.994E-05 9.994E-05 0.9993 9.994E-05 9.994E-05 9.994E-05 9.994E-05 1
16: 9.9964E-05 9.9964E-05 9.9964E-05 0.0210419 9.9964E-05 0.0179341 0.496037 0.464587 1
17: 9.99551E-05 0.00818805 9.99551E-05 9.99551E-05 9.99551E-05 9.99551E-05 0.437173 0.554139 1
18: 9.994E-05 9.994E-05 9.994E-05 9.994E-05 9.994E-05 9.994E-05 9.994E-05 0.9993 1
19: 9.994E-05 9.994E-05 9.994E-05 9.994E-05 9.994E-05 9.994E-05 9.994E-05 0.9993 1
20: 0.0339609 9.9964E-05 9.9964E-05 9.9964E-05 0.00214551 9.9964E-05 0.832621 0.130873 1
21: 0.0298268 9.99641E-05 9.99641E-05 0.0171235 9.99641E-05 0.012753 0.939897 9.99641E-05 1
22: 9.994E-05 9.994E-05 9.994E-05 9.994E-05 9.994E-05 9.994E-05 0.9993 9.994E-05 1
23: 9.9982E-05 0.00113828 0.913089 0.041407 0.0289752 0.00041947 9.9982E-05 0.0147707 1
24: 0.00922229 0.914327 9.9964E-05 9.9964E-05 0.0674784 9.9964E-05 0.00857215 9.9964E-05 1
25: 9.9946E-05 9.9946E-05 0.992878 9.9946E-05 0.00652226 9.9946E-05 9.9946E-05 9.9946E-05 1
26: 0.994213 9.9946E-05 9.9946E-05 9.9946E-05 9.9946E-05 9.9946E-05 9.9946E-05 0.00518744 1
27: 9.994E-05 9.994E-05 0.9993 9.994E-05 9.994E-05 9.994E-05 9.994E-05 9.994E-05 1
28: 9.994E-05 9.994E-05 0.9993 9.994E-05 9.994E-05 9.994E-05 9.994E-05 9.994E-05 1
29: 9.994E-05 9.994E-05 0.9993 9.994E-05 9.994E-05 9.994E-05 9.994E-05 9.994E-05 1
30: 0.0316579 0.0109406 0.933928 0.0195867 0.00358657 9.9973E-05 9.9973E-05 9.9973E-05 1
31: 9.9946E-05 9.9946E-05 0.976978 9.9946E-05 9.9946E-05 0.0224219 9.9946E-05 9.9946E-05 1
32: 9.994E-05 9.994E-05 0.9993 9.994E-05 9.994E-05 9.994E-05 9.994E-05 9.994E-05 1
33: 0.973212 0.0255353 9.9955E-05 9.9955E-05 0.000752473 9.9955E-05 9.9955E-05 9.9955E-05 1
34: 9.9982E-05 0.86652 0.0196595 0.0135852 0.0845327 0.0114585 9.9982E-05 0.00404412 1
35: 0.99604 9.9946E-05 0.0033599 9.9946E-05 9.9946E-05 9.9946E-05 9.9946E-05 9.9946E-05 1
36: 0.00342353 0.964866 9.9964E-05 0.0159715 0.0153391 9.9964E-05 9.9964E-05 9.9964E-05 1
37: 0.971463 9.99694E-05 9.99694E-05 0.0176027 9.99694E-05 0.000547854 0.00998652 9.99694E-05 1
38: 0.992082 9.9955E-05 0.000762631 0.00665595 9.9955E-05 9.9955E-05 9.9955E-05 9.9955E-05 1
39: 9.9946E-05 0.988482 9.9946E-05 0.0109187 9.9946E-05 9.9946E-05 9.9946E-05 9.9946E-05 1
40: 9.9955E-05 0.972829 9.9955E-05 9.9955E-05 0.017422 9.9955E-05 0.00924904 9.9955E-05 1
41: 0.927693 0.00182876 9.9973E-05 9.9973E-05 0.0072925 0.015109 0.0477772 9.9973E-05 1
42: 9.9964E-05 0.919676 9.9964E-05 0.0225148 0.0496526 9.9964E-05 9.9964E-05 0.00775725 1
43: 0.914832 9.9973E-05 0.00491846 0.0283112 9.9973E-05 0.0132917 0.0383471 9.9973E-05 1
44: 9.9964E-05 0.0396064 9.9964E-05 0.021627 0.462904 0.475463 9.9964E-05 9.9964E-05 1
45: 9.9973E-05 0.507205 0.0251661 9.9973E-05 0.357668 0.10631 0.00335158 9.9973E-05 1
46: 9.9955E-05 9.9955E-05 0.00361218 9.9955E-05 9.9955E-05 0.983585 9.9955E-05 0.0123033 1
47: 0.019789 0.00775039 0.00844697 9.9982E-05 0.0441766 0.916167 9.9982E-05 0.00346988 1
48: 9.9955E-05 0.591567 9.9955E-05 9.9955E-05 0.138526 0.269407 9.9955E-05 9.9955E-05 1
49: 9.9955E-05 0.798494 9.9955E-05 9.9955E-05 0.0785004 0.122506 9.9955E-05 9.9955E-05 1
50: 0.000831352 0.427492 9.9973E-05 9.9973E-05 0.104437 0.457411 9.9973E-05 0.009529 1
51: 9.9964E-05 9.9964E-05 9.9964E-05 9.9964E-05 0.0229949 0.951324 0.0161007 0.0091806 1
52: 9.9973E-05 0.0386749 9.9973E-05 0.00171497 0.21262 0.721481 9.9973E-05 0.0252089 1
53: 0.00104503 0.0958546 0.0117455 9.9973E-05 0.0110149 0.88004 9.9973E-05 9.9973E-05 1
54: 9.99551E-05 0.512309 9.99551E-05 9.99551E-05 0.105929 0.381262 9.99551E-05 9.99551E-05 1
55: 9.9964E-05 0.719296 0.011833 9.9964E-05 0.101103 0.167368 9.9964E-05 9.9964E-05 1
56: 9.9946E-05 9.9946E-05 9.9946E-05 9.9946E-05 0.0221533 0.977247 9.9946E-05 9.9946E-05 1
57: 0.00381827 0.323937 9.9964E-05 9.9964E-05 0.00746694 0.664378 9.9964E-05 9.9964E-05 1
58: 0.9993 9.994E-05 9.994E-05 9.994E-05 9.994E-05 9.994E-05 9.994E-05 9.994E-05 1
59: 0.939367 9.99641E-05 9.99641E-05 0.00392782 9.99641E-05 9.99641E-05 0.0254734 0.030832 1
60: 0.942373 9.9964E-05 0.0119347 9.9964E-05 0.0437346 0.00155772 9.9964E-05 9.9964E-05 1
61: 9.99551E-05 0.0070062 9.99551E-05 0.00412142 9.99551E-05 0.988373 9.99551E-05 9.99551E-05 1
62: 0.000426663 0.925454 9.9964E-05 9.9964E-05 0.0709993 0.00272017 9.9964E-05 9.9964E-05 1
63: 0.00862756 0.247684 9.9964E-05 9.9964E-05 0.219908 0.523381 9.9964E-05 9.9964E-05 1
64: 9.9973E-05 0.301656 0.00118417 9.9973E-05 0.152412 0.530817 9.9973E-05 0.0136313 1
65: 9.9955E-05 0.556097 9.9955E-05 9.9955E-05 0.0608213 0.382582 9.9955E-05 9.9955E-05 1
66: 9.9955E-05 0.607526 9.9955E-05 9.9955E-05 0.0215856 0.370388 9.9955E-05 9.9955E-05 1
67: 0.012712 0.158205 9.9982E-05 9.9982E-05 0.127727 0.686951 0.0138467 0.000358236 1
68: 9.99551E-05 0.916157 9.99551E-05 9.99551E-05 0.0331671 0.0501764 9.99551E-05 9.99551E-05 1
69: 9.99461E-05 0.994352 0.00504854 9.99461E-05 9.99461E-05 9.99461E-05 9.99461E-05 9.99461E-05 1
70: 9.994E-05 9.994E-05 9.994E-05 9.994E-05 0.9993 9.994E-05 9.994E-05 9.994E-05 1
71: 9.9955E-05 9.9955E-05 9.9955E-05 0.00646094 0.147929 0.84511 9.9955E-05 9.9955E-05 1
72: 0.0117884 0.825034 9.9973E-05 0.0169509 9.9973E-05 0.140812 9.9973E-05 0.00511456 1
73: 9.9955E-05 0.431342 9.9955E-05 9.9955E-05 0.0509742 0.517184 9.9955E-05 9.9955E-05 1
74: 9.9946E-05 0.379879 9.9946E-05 9.9946E-05 9.9946E-05 0.619521 9.9946E-05 9.9946E-05 1
75: 9.99461E-05 0.757898 9.99461E-05 9.99461E-05 9.99461E-05 0.241502 9.99461E-05 9.99461E-05 1
76: 0.00347748 0.982012 9.9964E-05 9.9964E-05 0.00207506 9.9964E-05 0.0120356 9.9964E-05 1
77: 0.0241399 0.775614 9.9982E-05 9.9982E-05 0.0624426 0.134527 0.00198632 0.00108998 1
78: 0.00281986 0.604346 9.9964E-05 9.9964E-05 0.10108 0.291355 9.9964E-05 9.9964E-05 1
79: 9.9955E-05 0.99223 0.00503291 9.9955E-05 9.9955E-05 9.9955E-05 0.00223741 9.9955E-05 1
80: 0.0282815 0.909901 9.9955E-05 9.9955E-05 9.9955E-05 0.0613178 9.9955E-05 9.9955E-05 1
81: 0.000105215 0.311307 0.0151218 9.9973E-05 0.346127 0.327039 9.9973E-05 9.9973E-05 1
82: 0.0313952 0.0125483 9.9973E-05 9.9973E-05 0.752924 0.189133 9.9973E-05 0.0136999 1
83: 9.9955E-05 0.532158 9.9955E-05 9.9955E-05 0.273785 0.193557 9.9955E-05 9.9955E-05 1
84: 9.9964E-05 0.283045 0.0183118 9.9964E-05 0.684897 9.9964E-05 9.9964E-05 0.013347 1
85: 9.9964E-05 0.234621 9.9964E-05 9.9964E-05 0.0149263 0.734135 9.9964E-05 0.0159179 1
86: 0.00893298 0.455005 9.9973E-05 9.9973E-05 0.317255 0.210758 9.9973E-05 0.00774899 1
87: 9.9964E-05 0.658637 0.0112353 9.9964E-05 0.0726318 0.257096 9.9964E-05 9.9964E-05 1
88: 9.9955E-05 0.0292103 9.9955E-05 9.9955E-05 0.64415 0.32614 9.9955E-05 9.9955E-05 1
89: 0.0104395 0.379627 9.9973E-05 9.9973E-05 0.124227 0.48143 9.9973E-05 0.00397636 1
90: 9.9946E-05 0.37428 9.9946E-05 9.9946E-05 0.625121 9.9946E-05 9.9946E-05 9.9946E-05 1
91: 0.000776286 0.286854 0.0110581 9.9982E-05 0.568988 0.12278 0.00934363 9.9982E-05 1
92: 9.994E-05 9.994E-05 9.994E-05 9.994E-05 0.9993 9.994E-05 9.994E-05 9.994E-05 1
93: 9.996E-05 0.608223 9.996E-05 9.996E-05 0.267549 0.119463 9.996E-05 0.0043656 1
94: 9.9964E-05 0.364024 9.9964E-05 0.0318799 0.0914664 0.51223 9.9964E-05 9.9964E-05 1
95: 9.9973E-05 0.0672175 0.0119632 0.026296 0.150311 0.743912 9.9973E-05 9.9973E-05 1
96: 9.9955E-05 0.30966 9.9955E-05 9.9955E-05 0.497096 0.192745 9.9955E-05 9.9955E-05 1
97: 0.0174963 0.441822 9.9955E-05 9.9955E-05 0.540182 9.9955E-05 9.9955E-05 9.9955E-05 1
98: 9.9964E-05 0.630276 0.0075417 9.9964E-05 0.271919 0.0898642 9.9964E-05 9.9964E-05 1
99: 0.0172317 9.9964E-05 0.00978121 9.9964E-05 0.161612 0.810976 9.9964E-05 9.9964E-05 1
100: 0.912987 9.99551E-05 9.99551E-05 9.99551E-05 9.99551E-05 0.00731382 9.99551E-05 0.0791992 1
101: 0.997448 9.9946E-05 9.9946E-05 9.9946E-05 0.00195233 9.9946E-05 9.9946E-05 9.9946E-05 1
102: 0.9993 9.994E-05 9.994E-05 9.994E-05 9.994E-05 9.994E-05 9.994E-05 9.994E-05 1
103: 0.912968 9.99641E-05 9.99641E-05 9.99641E-05 9.99641E-05 0.0127003 0.0203197 0.0536126 1
104: 0.981279 9.99461E-05 9.99461E-05 9.99461E-05 0.0181211 9.99461E-05 9.99461E-05 9.99461E-05 1
105: 0.988268 0.011132 9.9946E-05 9.9946E-05 9.9946E-05 9.9946E-05 9.9946E-05 9.9946E-05 1
106: 0.0382034 9.99641E-05 0.738322 0.187635 9.99641E-05 0.0354405 9.99641E-05 9.99641E-05 1
107: 0.985613 9.9955E-05 9.9955E-05 9.9955E-05 9.9955E-05 9.9955E-05 0.0135206 0.000366312 1
108: 0.960629 9.99551E-05 0.0150779 9.99551E-05 9.99551E-05 9.99551E-05 9.99551E-05 0.0237938 1
109: 0.952067 9.9955E-05 0.00413115 9.9955E-05 9.9955E-05 9.9955E-05 9.9955E-05 0.0433024 1
110: 0.919118 0.00150737 0.0145754 9.9964E-05 9.9964E-05 9.9964E-05 9.9964E-05 0.0643991 1
111: 0.0128336 0.82382 9.9973E-05 9.9973E-05 0.0789876 0.0554658 9.9973E-05 0.0285931 1
112: 9.994E-05 9.994E-05 9.994E-05 9.994E-05 9.994E-05 9.994E-05 9.994E-05 0.9993 1
113: 9.9946E-05 9.9946E-05 0.240658 0.758742 9.9946E-05 9.9946E-05 9.9946E-05 9.9946E-05 1
114: 0.00411066 9.99551E-05 0.974296 9.99551E-05 9.99551E-05 0.0210938 9.99551E-05 9.99551E-05 1
115: 0.0188982 9.9955E-05 9.9955E-05 9.9955E-05 9.9955E-05 9.9955E-05 0.228708 0.751894 1
116: 9.994E-05 9.994E-05 9.994E-05 9.994E-05 9.994E-05 9.994E-05 0.9993 9.994E-05 1
117: 0.063028 9.9973E-05 0.010157 9.9973E-05 9.9973E-05 0.0308594 0.346401 0.549254 1
118: 0.0309236 0.00347571 0.0214555 9.9982E-05 0.00510399 9.9982E-05 0.800726 0.138115 1
119: 0.0148789 9.9973E-05 0.884321 0.0654948 9.9973E-05 9.9973E-05 0.00402416 0.0309809 1

1: 9.9964E-05 9.9964E-05 0.775218 0.187404 0.0318062 9.9964E-05 0.00517202 9.9964E-05 1
2: 9.994E-05 9.994E-05 0.9993 9.994E-05 9.994E-05 9.994E-05 9.994E-05 9.994E-05 1
3: 9.9964E-05 0.0169566 0.935894 0.0308146 9.9964E-05 9.9964E-05 0.0159345 9.9964E-05 1
4: 0.00547101 9.9973E-05 0.783491 0.168108 9.9973E-05 9.9973E-05 0.00975892 0.0328706 1
5: 9.99592E-05 0.117707 0.00274517 9.99592E-05 9.99592E-05 9.99592E-05 0.879048 9.99592E-05 1
6: 9.9973E-05 0.0154035 0.0162345 9.9973E-05 0.0147063 0.0105351 0.942821 9.9973E-05 1
7: 0.0207841 9.9973E-05 0.891702 0.0669281 9.9973E-05 0.00884563 0.0114397 9.9973E-05 1
8: 9.994E-05 9.994E-05 0.9993 9.994E-05 9.994E-05 9.994E-05 9.994E-05 9.994E-05 1
9: 9.9973E-05 9.9973E-05 0.904693 0.0566331 0.011538 9.9973E-05 0.00880731 0.0180286 1
10: 0.873447 9.9955E-05 9.9955E-05 9.9955E-05 0.0553734 9.9955E-05 9.9955E-05 0.0706801 1
11: 9.995E-05 9.995E-05 9.995E-05 9.995E-05 0.162575 0.209259 9.995E-05 0.627666 1
12: 0.843382 0.0202709 0.0041529 9.9973E-05 0.126265 9.9973E-05 0.0056295 9.9973E-05 1
13: 0.962748 9.9946E-05 9.9946E-05 9.9946E-05 0.0366524 9.9946E-05 9.9946E-05 9.9946E-05 1
14: 0.327541 9.9964E-05 0.00770899 9.9964E-05 0.0254222 9.9964E-05 9.9964E-05 0.638928 1
15: 9.994E-05 0.9993 9.994E-05 9.994E-05 9.994E-05 9.994E-05 9.994E-05 9.994E-05 1
16: 9.9955E-05 0.0333876 0.923799 9.9955E-05 9.9955E-05 9.9955E-05 9.9955E-05 0.0423134 1
17: 0.0120539 9.99551E-05 0.960513 0.026933 9.99551E-05 9.99551E-05 9.99551E-05 9.99551E-05 1
18: 9.994E-05 9.994E-05 0.9993 9.994E-05 9.994E-05 9.994E-05 9.994E-05 9.994E-05 1
19: 9.994E-05 9.994E-05 0.9993 9.994E-05 9.994E-05 9.994E-05 9.994E-05 9.994E-05 1
20: 0.0149577 9.9964E-05 0.897886 0.0502644 9.9964E-05 9.9964E-05 0.0364924 9.9964E-05 1
21: 0.00196217 0.0250478 0.827806 0.144784 9.99641E-05 9.99641E-05 9.99641E-05 9.99641E-05 1
22: 9.9964E-05 0.0267847 0.936226 0.0358166 9.9964E-05 9.9964E-05 9.9964E-05 0.00077312 1
23: 9.9982E-05 0.0257398 0.0325881 9.9982E-05 0.0201484 0.0125505 0.90501 0.00376284 1
24: 0.883772 9.9964E-05 9.9964E-05 0.0137093 9.9964E-05 0.081545 9.9964E-05 0.020574 1
25: 9.9946E-05 9.9946E-05 9.9946E-05 9.9946E-05 9.9946E-05 0.00533105 0.994069 9.9946E-05 1
26: 9.994E-05 9.994E-05 9.994E-05 0.9993 9.994E-05 9.994E-05 9.994E-05 9.994E-05 1
27: 9.994E-05 9.994E-05 9.994E-05 9.994E-05 9.994E-05 9.994E-05 0.9993 9.994E-05 1
28: 9.994E-05 9.994E-05 9.994E-05 9.994E-05 9.994E-05 9.994E-05 0.9993 9.994E-05 1
29: 9.994E-05 9.994E-05 9.994E-05 9.994E-05 9.994E-05 9.994E-05 0.9993 9.994E-05 1
30: 9.9964E-05 0.0333691 9.9964E-05 0.00609244 9.9964E-05 0.0148298 0.945309 9.9964E-05 1
31: 0.00378781 9.9964E-05 9.9964E-05 0.00390446 0.00214565 9.9964E-05 0.989762 9.9964E-05 1
32: 9.994E-05 9.994E-05 9.994E-05 9.994E-05 9.994E-05 9.994E-05 0.9993 9.994E-05 1
33: 9.994E-05 9.994E-05 9.994E-05 0.9993 9.994E-05 9.994E-05 9.994E-05 9.994E-05 1
34: 0.867653 9.9964E-05 9.9964E-05 9.9964E-05 9.9964E-05 0.0781531 0.0393603 0.0144339 1
35: 0.000254719 0.0117674 9.9964E-05 0.979821 9.9964E-05 0.0077566 9.9964E-05 9.9964E-05 1
36: 0.92367 0.000623817 9.9964E-05 0.0158585 9.9964E-05 0.0594481 9.9964E-05 9.9964E-05 1
37: 9.99641E-05 0.00149608 9.99641E-05 0.957165 9.99641E-05 0.0134225 0.0275168 9.99641E-05 1
38: 9.9964E-05 0.00275946 9.9964E-05 0.982529 0.0133918 0.000919957 9.9964E-05 9.9964E-05 1
39: 0.970787 0.0107122 9.9964E-05 9.9964E-05 9.9964E-05 0.00707082 0.0110303 9.9964E-05 1
40: 0.938033 9.9964E-05 9.9964E-05 0.00382372 0.0249596 0.0327837 9.9964E-05 9.9964E-05 1
41: 9.9964E-05 0.00556269 0.0444458 0.92316 0.0264312 9.9964E-05 9.9964E-05 9.9964E-05 1
42: 0.898573 0.0124283 0.0134732 9.9973E-05 9.9973E-05 0.0636339 0.0115917 9.9973E-05 1
43: 9.9964E-05 0.0103069 9.9964E-05 0.965244 9.9964E-05 9.9964E-05 0.0198214 0.00422741 1
44: 0.0541748 0.00298784 9.9973E-05 9.9973E-05 9.9973E-05 0.492493 0.00865418 0.44139 1
45: 0.304422 9.9964E-05 9.9964E-05 9.9964E-05 0.522925 0.152429 0.0198237 9.9964E-05 1
46: 9.9964E-05 0.00666815 0.00417675 9.9964E-05 0.452611 9.9964E-05 9.9964E-05 0.536144 1
47: 9.9982E-05 0.000411362 0.00403048 0.00642539 0.380954 0.0457742 9.9982E-05 0.562204 1
48: 0.535487 0.0110652 9.9973E-05 9.9973E-05 0.18844 0.128854 9.9973E-05 0.135854 1
49: 0.76179 9.9964E-05 9.9964E-05 9.9964E-05 0.146878 0.0664476 9.9964E-05 0.0244844 1
50: 0.383957 9.9973E-05 9.9973E-05 0.0107285 0.185463 0.131477 9.9973E-05 0.288075 1
51: 9.9982E-05 0.00469845 0.044973 9.9982E-05 0.0721867 0.0542414 0.0028271 0.820873 1
52: 9.9973E-05 0.0122918 0.00386644 9.9973E-05 0.363093 0.163718 9.9973E-05 0.456731 1
53: 0.0868647 9.9964E-05 9.9964E-05 0.0048878 0.227229 9.9964E-05 9.9964E-05 0.680619 1
54: 0.451503 9.9964E-05 9.9964E-05 9.9964E-05 0.120431 0.132591 9.9964E-05 0.295075 1
55: 0.700495 9.9955E-05 9.9955E-05 9.9955E-05 9.9955E-05 0.0697043 9.9955E-05 0.229301 1
56: 9.9946E-05 9.9946E-05 9.9946E-05 9.9946E-05 9.9946E-05 0.129116 9.9946E-05 0.870284 1
57: 0.273453 9.9946E-05 9.9946E-05 9.9946E-05 9.9946E-05 9.9946E-05 9.9946E-05 0.725947 1
58: 9.994E-05 9.994E-05 9.994E-05 0.9993 9.994E-05 9.994E-05 9.994E-05 9.994E-05 1
59: 9.99551E-05 9.99551E-05 0.027397 0.961999 9.99551E-05 9.99551E-05 0.0101039 9.99551E-05 1
60: 9.9964E-05 9.9964E-05 0.0143166 0.936776 0.030195 9.9964E-05 0.0183123 9.9964E-05 1
61: 9.9955E-05 0.00525936 9.9955E-05 9.9955E-05 9.9955E-05 0.00621533 9.9955E-05 0.988026 1
62: 0.825232 0.00787645 9.9973E-05 9.9973E-05 0.128467 0.0226224 0.015502 9.9973E-05 1
63: 9.994E-05 9.994E-05 9.994E-05 9.994E-05 0.9993 9.994E-05 9.994E-05 9.994E-05 1
64: 9.994E-05 9.994E-05 9.994E-05 9.994E-05 0.9993 9.994E-05 9.994E-05 9.994E-05 1
65: 0.549403 9.9964E-05 0.00909145 9.9964E-05 9.9964E-05 0.0762416 9.9964E-05 0.364864 1
66: 0.632032 9.9973E-05 0.00554491 9.9973E-05 0.0432973 0.00883081 9.9973E-05 0.309995 1
67: 0.184926 0.00799289 0.00163469 0.00209264 0.124629 0.0842939 9.9991E-05 0.594331 1
68: 0.850078 9.99461E-05 9.99461E-05 9.99461E-05 9.99461E-05 9.99461E-05 9.99461E-05 0.149322 1
69: 0.929887 9.9964E-05 9.9964E-05 0.00434486 0.023815 9.9964E-05 9.9964E-05 0.0415535 1
70: 9.994E-05 9.994E-05 9.994E-05 9.994E-05 9.994E-05 0.9993 9.994E-05 9.994E-05 1
71: 9.9955E-05 9.9955E-05 9.9955E-05 9.9955E-05 0.117964 0.14263 9.9955E-05 0.738906 1
72: 0.736358 0.0116499 9.9982E-05 0.0181945 0.101719 9.9982E-05 0.0147823 0.117097 1
73: 0.413499 9.9955E-05 9.9955E-05 9.9955E-05 9.9955E-05 0.0656428 9.9955E-05 0.520358 1
74: 0.394373 9.9955E-05 9.9955E-05 9.9955E-05 0.109277 9.9955E-05 9.9955E-05 0.495849 1
75: 0.717365 9.9955E-05 9.9955E-05 9.9955E-05 0.0225189 9.9955E-05 9.9955E-05 0.259616 1
76: 0.882731 9.9955E-05 0.00600169 9.9955E-05 0.110768 9.9955E-05 9.9955E-05 9.9955E-05 1
77: 0.780778 9.9982E-05 0.0194555 0.0142772 0.0246032 0.102972 9.9982E-05 0.0577144 1
78: 0.622885 9.9973E-05 9.9973E-05 0.0346327 0.063184 0.0759871 9.9973E-05 0.203011 1
79: 0.977597 9.9946E-05 9.9946E-05 9.9946E-05 9.9946E-05 9.9946E-05 0.0218037 9.9946E-05 1
80: 0.850837 9.9955E-05 9.9955E-05 0.0177542 0.130909 9.9955E-05 9.9955E-05 9.9955E-05 1
81: 0.279944 9.9955E-05 9.9955E-05 9.9955E-05 9.9955E-05 0.381836 9.9955E-05 0.33772 1
82: 9.9973E-05 9.9973E-05 0.0113273 0.0205653 0.231721 0.665681 9.9973E-05 0.0704053 1
83: 0.469985 9.9964E-05 9.9964E-05 9.9964E-05 0.208397 0.218033 9.9964E-05 0.103186 1
84: 0.26381 0.00831793 0.0230269 9.9982E-05 9.9982E-05 0.692318 0.00234423 0.00998228 1
85: 0.0975731 9.9964E-05 0.0050642 9.9964E-05 0.527224 9.9964E-05 9.9964E-05 0.369739 1
86: 0.306461 9.9955E-05 9.9955E-05 9.9955E-05 0.309865 0.383174 9.9955E-05 9.9955E-05 1
87: 0.57921 9.9973E-05 9.9973E-05 9.9973E-05 0.148581 0.0658342 0.01216 0.193914 1
88: 0.0902307 9.996E-05 9.996E-05 9.996E-05 0.0225016 0.579987 9.996E-05 0.306881 1
89: 0.350932 0.0101135 0.0070689 9.998E-05 0.0358516 0.0787488 9.998E-05 0.517086 1
90: 0.324139 9.9955E-05 9.9955E-05 9.9955E-05 9.9955E-05 0.670623 0.00473868 9.9955E-05 1
91: 0.295173 9.9973E-05 9.9973E-05 0.0073957 9.9973E-05 0.59826 0.00965051 0.089221 1
92: 9.994E-05 9.994E-05 9.994E-05 9.994E-05 9.994E-05 0.9993 9.994E-05 9.994E-05 1
93: 0.521891 9.9964E-05 9.9964E-05 9.9964E-05 0.209022 0.267489 9.9964E-05 0.0011978 1
94: 0.338134 0.00792051 9.9973E-05 9.9973E-05 0.049304 0.183016 9.9973E-05 0.421325 1
95: 0.11567 9.9955E-05 9.9955E-05 9.9955E-05 9.9955E-05 0.196878 9.9955E-05 0.686952 1
96: 0.246435 9.9964E-05 9.9964E-05 9.9964E-05 0.262444 0.466083 9.9964E-05 0.0246386 1
97: 0.433842 9.9955E-05 0.013247 9.9955E-05 9.9955E-05 0.552411 9.9955E-05 9.9955E-05 1
98: 0.605059 9.9973E-05 9.9973E-05 9.9973E-05 0.0875084 0.262366 0.0226191 0.0221477 1
99: 9.9973E-05 0.00120223 9.9973E-05 0.0047111 0.181321 0.117228 9.9973E-05 0.695238 1
100: 9.99461E-05 9.99461E-05 0.0552272 0.944173 9.99461E-05 9.99461E-05 9.99461E-05 9.99461E-05 1
101: 0.00100629 9.9946E-05 9.9946E-05 0.998394 9.9946E-05 9.9946E-05 9.9946E-05 9.9946E-05 1
102: 0.00446384 9.9946E-05 9.9946E-05 0.994936 9.9946E-05 9.9946E-05 9.9946E-05 9.9946E-05 1
103: 9.99551E-05 0.0152277 0.0584443 0.925828 9.99551E-05 9.99551E-05 9.99551E-05 9.99551E-05 1
104: 9.99461E-05 0.00286283 9.99461E-05 0.996537 9.99461E-05 9.99461E-05 9.99461E-05 9.99461E-05 1
105: 0.0233073 9.9955E-05 9.9955E-05 0.974545 0.00164786 9.9955E-05 9.9955E-05 9.9955E-05 1
106: 9.9973E-05 0.238654 0.017314 0.02089 0.074207 9.9973E-05 0.648635 9.9973E-05 1
107: 9.9946E-05 9.9946E-05 0.0156004 0.9838 9.9946E-05 9.9946E-05 9.9946E-05 9.9946E-05 1
108: 9.9964E-05 9.9964E-05 0.0406767 0.944712 9.9964E-05 0.000638032 0.0135736 9.9964E-05 1
109: 9.9946E-05 9.9946E-05 0.0123447 0.987056 9.9946E-05 9.9946E-05 9.9946E-05 9.9946E-05 1
110: 9.99551E-05 9.99551E-05 0.0445564 0.952508 9.99551E-05 9.99551E-05 0.00243561 9.99551E-05 1
111: 0.744468 9.9982E-05 0.0326174 0.00196419 0.104504 0.0908779 9.9982E-05 0.0253683 1
112: 9.994E-05 9.994E-05 0.9993 9.994E-05 9.994E-05 9.994E-05 9.994E-05 9.994E-05 1
113: 9.9946E-05 0.790225 9.9946E-05 9.9946E-05 9.9946E-05 9.9946E-05 0.209175 9.9946E-05 1
114: 9.99551E-05 9.99551E-05 9.99551E-05 0.0360376 9.99551E-05 0.00430422 0.959158 9.99551E-05 1
115: 9.9946E-05 9.9946E-05 0.990732 9.9946E-05 9.9946E-05 9.9946E-05 0.00866854 9.9946E-05 1
116: 9.9964E-05 0.00523476 0.921296 0.0480327 9.9964E-05 9.9964E-05 0.0250362 9.9964E-05 1
117: 9.9973E-05 9.9973E-05 0.921382 0.012983 9.9973E-05 0.0274422 0.0162144 0.0216782 1
118: 9.9964E-05 9.9964E-05 0.912066 0.0582583 9.9964E-05 0.000837625 0.0284381 9.9964E-05 1
119: 0.00437493 0.032449 0.0455007 0.00408791 9.9973E-05 9.9973E-05 0.913288 9.9973E-05 1

1: 0.0219141 9.9964E-05 0.772597 0.196143 9.9964E-05 9.9964E-05 9.9964E-05 0.00894571 1
2: 9.994E-05 9.994E-05 0.9993 9.994E-05 9.994E-05 9.994E-05 9.994E-05 9.994E-05 1
3: 0.0103981 0.00832652 0.941044 0.0398311 9.99641E-05 9.99641E-05 9.99641E-05 9.99641E-05 1
4: 0.00555326 9.9973E-05 0.842142 0.11166 0.0134962 0.0268481 9.9973E-05 9.9973E-05 1
5: 0.9993 9.994E-05 9.994E-05 9.994E-05 9.994E-05 9.994E-05 9.994E-05 9.994E-05 1
6: 0.9549 0.000972294 0.02536 9.9973E-05 9.9973E-05 0.010982 0.00748573 9.9973E-05 1
7: 0.00950217 9.9964E-05 0.92181 0.0441719 9.9964E-05 9.9964E-05 9.9964E-05 0.0241165 1
8: 9.994E-05 9.994E-05 0.9993 9.994E-05 9.994E-05 9.994E-05 9.994E-05 9.994E-05 1
9: 9.9957E-05 9.9957E-05 0.948953 0.0305492 0.0199975 9.9957E-05 9.9957E-05 9.9957E-05 1
10: 9.994E-05 9.994E-05 9.994E-05 9.994E-05 9.994E-05 0.9993 9.994E-05 9.994E-05 1
11: 9.9964E-05 0.591256 9.9964E-05 9.9964E-05 0.244213 9.9964E-05 0.0441665 0.119964 1
12: 0.0112046 0.0699079 9.9982E-05 0.0115692 0.00441384 0.726402 0.176303 9.9982E-05 1
13: 9.9955E-05 9.9955E-05 9.9955E-05 9.9955E-05 0.0224143 0.952838 0.0242478 9.9955E-05 1
14: 9.9955E-05 0.637954 9.9955E-05 9.9955E-05 9.9955E-05 0.360235 9.9955E-05 0.00131062 1
15: 0.639635 0.0870403 0.215491 9.99641E-05 9.99641E-05 9.99641E-05 0.0574338 9.99641E-05 1
16: 0.0152139 0.0358365 0.94483 0.00372021 9.9964E-05 9.9964E-05 9.9964E-05 9.9964E-05 1
17: 9.99461E-05 9.99461E-05 0.974004 9.99461E-05 9.99461E-05 9.99461E-05 0.0253962 9.99461E-05 1
18: 9.994E-05 9.994E-05 0.9993 9.994E-05 9.994E-05 9.994E-05 9.994E-05 9.994E-05 1
19: 9.994E-05 9.994E-05 0.9993 9.994E-05 9.994E-05 9.994E-05 9.994E-05 9.994E-05 1
20: 0.0161661 9.9973E-05 0.904144 0.0494315 9.9973E-05 0.0166285 9.9973E-05 0.0133305 1
21: 0.0303694 0.0282538 0.836712 0.101346 9.9973E-05 0.00301883 9.9973E-05 9.9973E-05 1
22: 0.0193236 0.0183558 0.910966 0.0509549 9.9964E-05 9.9964E-05 9.9964E-05 9.9964E-05 1
23: 0.960683 0.0108441 0.015862 9.9982E-05 0.0082427 0.00150135 0.0026672 9.9982E-05 1
24: 9.9955E-05 0.0342022 9.9955E-05 9.9955E-05 9.9955E-05 9.9955E-05 0.95674 0.00855751 1
25: 0.994027 9.9946E-05 9.9946E-05 9.9946E-05 0.00537306 9.9946E-05 9.9946E-05 9.9946E-05 1
26: 9.994E-05 9.994E-05 9.994E-05 0.9993 9.994E-05 9.994E-05 9.994E-05 9.994E-05 1
27: 0.9993 9.994E-05 9.994E-05 9.994E-05 9.994E-05 9.994E-05 9.994E-05 9.994E-05 1
28: 0.9993 9.994E-05 9.994E-05 9.994E-05 9.994E-05 9.994E-05 9.994E-05 9.994E-05 1
29: 0.9993 9.994E-05 9.994E-05 9.994E-05 9.994E-05 9.994E-05 9.994E-05 9.994E-05 1
30: 0.98658 0.00445898 9.9973E-05 0.000388921 9.9973E-05 9.9973E-05 0.00271613 0.00555653 1
31: 0.988672 9.9946E-05 9.9946E-05 9.9946E-05 9.9946E-05 9.9946E-05 0.0107282 9.9946E-05 1
32: 0.9993 9.994E-05 9.994E-05 9.994E-05 9.994E-05 9.994E-05 9.994E-05 9.994E-05 1
33: 9.994E-05 9.994E-05 9.994E-05 0.9993 9.994E-05 9.994E-05 9.994E-05 9.994E-05 1
34: 0.0251151 9.9964E-05 9.9964E-05 9.9964E-05 9.9964E-05 0.252026 0.673738 0.0487211 1
35: 9.994E-05 9.994E-05 9.994E-05 0.9993 9.994E-05 9.994E-05 9.994E-05 9.994E-05 1
36: 9.9946E-05 9.9946E-05 9.9946E-05 0.000752249 9.9946E-05 9.9946E-05 0.998648 9.9946E-05 1
37: 0.0195343 9.99551E-05 9.99551E-05 0.959533 9.99551E-05 9.99551E-05 9.99551E-05 0.020433 1
38: 0.0167911 9.99461E-05 9.99461E-05 0.982609 9.99461E-05 9.99461E-05 9.99461E-05 9.99461E-05 1
39: 9.9946E-05 9.9946E-05 9.9946E-05 9.9946E-05 9.9946E-05 0.102894 0.896507 9.9946E-05 1
40: 9.9955E-05 9.9955E-05 9.9955E-05 9.9955E-05 9.9955E-05 0.156641 0.838283 0.00457571 1
41: 9.9955E-05 9.9955E-05 0.0151698 0.940563 0.0437677 9.9955E-05 9.9955E-05 9.9955E-05 1
42: 0.000600974 9.9946E-05 9.9946E-05 9.9946E-05 9.9946E-05 9.9946E-05 0.998799 9.9946E-05 1
43: 0.0200512 0.00647196 0.00606232 0.967015 9.9964E-05 9.9964E-05 9.9964E-05 9.9964E-05 1
44: 0.0157259 0.433572 9.9982E-05 9.9982E-05 0.043199 0.0136829 0.0369366 0.456684 1
45: 0.0112202 9.9964E-05 9.9964E-05 9.9964E-05 0.395664 0.409568 9.9964E-05 0.183149 1
46: 9.9955E-05 0.564907 0.00995469 9.9955E-05 0.424639 9.9955E-05 9.9955E-05 9.9955E-05 1
47: 0.00408454 0.418325 9.9964E-05 0.0217774 0.555413 9.9964E-05 9.9964E-05 9.9964E-05 1
48: 9.9964E-05 0.0122768 9.9964E-05 9.9964E-05 0.252233 0.629496 9.9964E-05 0.105595 1
49: 9.9964E-05 9.9964E-05 9.9964E-05 9.9964E-05 0.160716 0.688741 0.128935 0.0212077 1
50: 9.9973E-05 0.34835 9.9973E-05 9.9973E-05 0.166313 0.278299 0.138993 0.0677449 1
51: 9.996E-05 0.761764 0.0182463 9.996E-05 0.207723 9.996E-05 9.996E-05 0.0118662 1
52: 9.9955E-05 0.208296 9.9955E-05 9.9955E-05 0.672288 9.9955E-05 9.9955E-05 0.118916 1
53: 9.9955E-05 0.566343 9.9955E-05 9.9955E-05 0.376673 0.0564835 9.9955E-05 9.9955E-05 1
54: 9.997E-05 0.231754 9.997E-05 9.997E-05 0.271476 0.229041 0.201305 0.066124 1
55: 0.0122293 0.0857402 9.9964E-05 9.9964E-05 9.9964E-05 0.826067 9.9964E-05 0.0755634 1
56: 9.9946E-05 0.943934 9.9946E-05 9.9946E-05 9.9946E-05 9.9946E-05 9.9946E-05 0.0554668 1
57: 9.9955E-05 0.689117 9.9955E-05 9.9955E-05 9.9955E-05 0.296739 0.0136439 9.9955E-05 1
58: 9.994E-05 9.994E-05 9.994E-05 0.9993 9.994E-05 9.994E-05 9.994E-05 9.994E-05 1
59: 0.00401201 0.00130557 0.043213 0.95107 9.99641E-05 9.99641E-05 9.99641E-05 9.99641E-05 1
60: 0.0117466 9.9964E-05 0.0326975 0.931964 0.0231916 9.9964E-05 9.9964E-05 9.9964E-05 1
61: 0.0042643 0.939511 9.9955E-05 9.9955E-05 0.055725 9.9955E-05 9.9955E-05 9.9955E-05 1
62: 9.997E-05 9.997E-05 9.997E-05 0.00356127 0.0434509 0.800831 0.0837167 0.0681401 1
63: 9.9946E-05 9.9946E-05 9.9946E-05 9.9946E-05 0.988953 9.9946E-05 9.9946E-05 0.010447 1
64: 9.9946E-05 9.9946E-05 9.9946E-05 9.9946E-05 0.997706 0.00169434 9.9946E-05 9.9946E-05 1
65: 9.997E-05 0.293036 0.00607699 9.997E-05 9.997E-05 0.521842 0.0505262 0.128219 1
66: 0.00644189 0.313034 0.000763532 9.998E-05 9.998E-05 0.513747 0.118392 0.0474213 1
67: 9.997E-05 0.440447 0.0195952 9.997E-05 0.263314 0.206435 9.997E-05 0.0699082 1
68: 9.99551E-05 0.035297 9.99551E-05 0.00102604 9.99551E-05 0.963177 9.99551E-05 9.99551E-05 1
69: 9.994E-05 9.994E-05 9.994E-05 9.994E-05 9.994E-05 0.9993 9.994E-05 9.994E-05 1
70: 9.994E-05 9.994E-05 9.994E-05 9.994E-05 9.994E-05 9.994E-05 9.994E-05 0.9993 1
71: 9.9973E-05 0.621228 0.0010606 9.9973E-05 0.286761 9.9973E-05 0.0145536 0.0760964 1
72: 0.0106935 0.091156 0.0124953 0.0156344 0.117337 0.641962 0.110621 9.999E-05 1
73: 9.9964E-05 0.564742 9.9964E-05 9.9964E-05 9.9964E-05 0.185859 0.209466 0.0395337 1
74: 9.9955E-05 0.457718 9.9955E-05 9.9955E-05 0.042556 0.499226 9.9955E-05 9.9955E-05 1
75: 9.99551E-05 0.117572 9.99551E-05 9.99551E-05 9.99551E-05 0.811778 0.0701507 9.99551E-05 1
76: 9.99587E-05 9.99587E-05 0.00720036 9.99587E-05 9.99587E-05 0.911687 0.0806129 9.99587E-05 1
77: 0.00117155 0.0592809 9.9982E-05 0.00751243 9.9982E-05 0.809565 0.0740643 0.0482057 1
78: 9.998E-05 0.15409 9.998E-05 0.00497394 0.179728 0.453908 0.15657 0.0505303 1
79: 9.9946E-05 9.9946E-05 9.9946E-05 9.9946E-05 9.9946E-05 0.762252 0.237149 9.9946E-05 1
80: 9.9973E-05 0.00909273 9.9973E-05 0.0396651 0.00364882 0.942801 9.9973E-05 0.0044927 1
81: 9.9955E-05 0.342549 9.9955E-05 9.9955E-05 9.9955E-05 0.314931 9.9955E-05 0.34202 1
82: 9.9973E-05 0.0137438 0.030221 9.9973E-05 0.291593 9.9973E-05 0.00217422 0.661968 1
83: 9.9973E-05 0.0117071 9.9973E-05 9.9973E-05 0.311614 0.297817 0.18034 0.198222 1
84: 0.00918979 9.9982E-05 0.0127326 9.9982E-05 0.00444832 0.119548 0.2029 0.650982 1
85: 9.9955E-05 0.106126 9.9955E-05 9.9955E-05 0.844551 0.0488229 9.9955E-05 9.9955E-05 1
86: 9.9964E-05 9.9964E-05 9.9964E-05 9.9964E-05 0.227249 0.266498 0.128898 0.376955 1
87: 0.00670413 0.168495 9.9973E-05 9.9973E-05 0.210895 0.553445 0.0601611 9.9973E-05 1
88: 9.9955E-05 0.28146 9.9955E-05 9.9955E-05 9.9955E-05 9.9955E-05 0.117596 0.600444 1
89: 9.998E-05 0.535278 9.998E-05 0.00718611 0.00540282 0.312336 0.0643488 0.0752485 1
90: 9.9955E-05 9.9955E-05 9.9955E-05 9.9955E-05 9.9955E-05 0.336747 0.0451117 0.617641 1
91: 0.00876075 0.0266195 9.997E-05 0.00203603 9.997E-05 0.346387 9.997E-05 0.615897 1
92: 9.994E-05 9.994E-05 9.994E-05 9.994E-05 9.994E-05 9.994E-05 9.994E-05 0.9993 1
93: 9.997E-05 9.997E-05 0.00764016 9.997E-05 0.323678 0.435262 0.073233 0.159887 1
94: 0.00533047 0.356073 9.9982E-05 9.9982E-05 0.268783 0.237597 0.0449549 0.0870604 1
95: 0.0109355 0.811524 9.9964E-05 9.9964E-05 9.9964E-05 9.9964E-05 0.049534 0.127606 1
96: 9.997E-05 0.0707526 9.997E-05 9.997E-05 0.310615 0.144744 0.0600564 0.413532 1
97: 9.9964E-05 9.9964E-05 9.9964E-05 0.00546222 9.9964E-05 0.265044 0.0923881 0.636705 1
98: 9.9973E-05 0.0258426 9.9973E-05 9.9973E-05 0.0825089 0.602655 0.0610856 0.227608 1
99: 9.997E-05 0.74643 0.00211572 0.0177168 0.192245 9.997E-05 9.997E-05 0.0411925 1
100: 9.9964E-05 9.9964E-05 0.0248608 0.953503 0.0126823 0.00855417 9.9964E-05 9.9964E-05 1
101: 9.9955E-05 0.0128147 9.9955E-05 0.981409 9.9955E-05 9.9955E-05 9.9955E-05 0.00527653 1
102: 9.9946E-05 9.9946E-05 9.9946E-05 0.988347 9.9946E-05 9.9946E-05 0.0110538 9.9946E-05 1
103: 0.00169641 9.99551E-05 0.0901356 0.907668 9.99551E-05 9.99551E-05 9.99551E-05 9.99551E-05 1
104: 9.995E-05 9.995E-05 9.995E-05 0.983163 0.00807596 9.995E-05 0.00826088 9.995E-05 1
105: 9.994E-05 9.994E-05 9.994E-05 0.9993 9.994E-05 9.994E-05 9.994E-05 9.994E-05 1
106: 0.848688 9.997E-05 0.0287668 0.048681 0.0419705 0.0315934 9.997E-05 9.997E-05 1
107: 9.9946E-05 9.9946E-05 0.0125344 0.986866 9.9946E-05 9.9946E-05 9.9946E-05 9.9946E-05 1
108: 9.99461E-05 9.99461E-05 0.0759077 0.923493 9.99461E-05 9.99461E-05 9.99461E-05 9.99461E-05 1
109: 9.9946E-05 9.9946E-05 0.0212494 0.978151 9.9946E-05 9.9946E-05 9.9946E-05 9.9946E-05 1
110: 9.9964E-05 9.9964E-05 0.0331231 0.956641 0.00664987 9.9964E-05 0.00318598 9.9964E-05 1
111: 9.9991E-05 0.00752745 0.0163337 0.0100202 0.166422 0.204586 0.562778 0.0322325 1
112: 9.994E-05 9.994E-05 0.9993 9.994E-05 9.994E-05 9.994E-05 9.994E-05 9.994E-05 1
113: 0.836439 0.00786462 0.116989 0.000952134 9.998E-05 9.998E-05 0.0348022 0.00275258 1
114: 0.97142 9.99551E-05 9.99551E-05 0.0189733 9.99551E-05 0.00910699 9.99551E-05 9.99551E-05 1
115: 0.00466791 9.9946E-05 0.994732 9.9946E-05 9.9946E-05 9.9946E-05 9.9946E-05 9.9946E-05 1
116: 9.99551E-05 0.00731128 0.950801 0.041388 9.99551E-05 9.99551E-05 9.99551E-05 9.99551E-05 1
117: 9.997E-05 0.0069221 0.890938 0.0689208 0.0254013 9.997E-05 0.00751842 9.997E-05 1
118: 0.0182272 9.9964E-05 0.920545 0.0481643 9.9964E-05 9.9964E-05 9.9964E-05 0.0126634 1
119: 0.97622 9.9955E-05 0.0139266 0.00935392 9.9955E-05 9.9955E-05 9.9955E-05 9.9955E-05 1

1: 9.99551E-05 9.99551E-05 9.99551E-05 0.00890676 0.141745 9.99551E-05 9.99551E-05 0.848849 1
2: 9.994E-05 9.994E-05 9.994E-05 9.994E-05 9.994E-05 9.994E-05 9.994E-05 0.9993 1
3: 9.9964E-05 9.9964E-05 0.0220462 0.024524 0.0387547 9.9964E-05 9.9964E-05 0.914275 1
4: 0.0149441 0.0322898 9.9982E-05 9.9982E-05 0.127018 0.00923259 0.000242389 0.816073 1
5: 9.9964E-05 9.9964E-05 0.131799 0.849152 0.00154683 9.9964E-05 9.9964E-05 0.0171019 1
6: 0.00562986 0.00807555 0.0242297 0.906137 9.9982E-05 0.0246035 9.9982E-05 0.0311249 1
7: 9.9973E-05 0.0049207 9.9973E-05 0.0249814 0.065156 0.0145684 9.9973E-05 0.890074 1
8: 9.994E-05 9.994E-05 9.994E-05 9.994E-05 9.994E-05 9.994E-05 9.994E-05 0.9993 1
9: 9.99551E-05 9.99551E-05 9.99551E-05 9.99551E-05 0.0131811 9.99551E-05 0.00474972 0.981569 1
10: 0.528266 9.9955E-05 9.9955E-05 9.9955E-05 9.9955E-05 0.450391 0.020844 9.9955E-05 1
11: 0.0449508 0.213472 9.9955E-05 9.9955E-05 9.9955E-05 9.9955E-05 0.741077 9.9955E-05 1
12: 0.1032 9.9982E-05 0.02414 0.000853975 9.9982E-05 0.794396 0.0744336 0.00277671 1
13: 9.994E-05 9.994E-05 9.994E-05 9.994E-05 9.994E-05 0.9993 9.994E-05 9.994E-05 1
14: 9.9973E-05 0.00343618 0.00103761 9.9973E-05 9.9973E-05 0.325577 0.666848 0.00280197 1
15: 9.994E-05 9.994E-05 0.9993 9.994E-05 9.994E-05 9.994E-05 9.994E-05 9.994E-05 1
16: 9.9955E-05 9.9955E-05 0.0194914 9.9955E-05 9.9955E-05 9.9955E-05 0.0439844 0.936024 1
17: 0.00122557 9.99461E-05 9.99461E-05 9.99461E-05 9.99461E-05 9.99461E-05 9.99461E-05 0.998175 1
18: 9.994E-05 9.994E-05 9.994E-05 9.994E-05 9.994E-05 9.994E-05 9.994E-05 0.9993 1
19: 9.994E-05 9.994E-05 9.994E-05 9.994E-05 9.994E-05 9.994E-05 9.994E-05 0.9993 1
20: 9.9955E-05 9.9955E-05 9.9955E-05 0.0331424 0.0556948 9.9955E-05 9.9955E-05 0.910663 1
21: 9.99641E-05 9.99641E-05 0.0210977 9.99641E-05 0.0859211 0.0455873 9.99641E-05 0.846994 1
22: 9.99551E-05 9.99551E-05 9.99551E-05 0.0186448 0.0384029 9.99551E-05 9.99551E-05 0.942453 1
23: 0.0102725 0.0215511 0.0105172 0.92942 9.9973E-05 9.9973E-05 9.9973E-05 0.0279395 1
24: 0.9993 9.994E-05 9.994E-05 9.994E-05 9.994E-05 9.994E-05 9.994E-05 9.994E-05 1
25: 9.9964E-05 9.9964E-05 9.9964E-05 0.966697 0.0166128 9.9964E-05 0.0140208 0.00226924 1
26: 9.9946E-05 9.9946E-05 9.9946E-05 9.9946E-05 0.994598 9.9946E-05 9.9946E-05 0.00480246 1
27: 9.994E-05 9.994E-05 9.994E-05 0.9993 9.994E-05 9.994E-05 9.994E-05 9.994E-05 1
28: 9.994E-05 9.994E-05 9.994E-05 0.9993 9.994E-05 9.994E-05 9.994E-05 9.994E-05 1
29: 9.9946E-05 9.9946E-05 9.9946E-05 0.991702 0.00769798 9.9946E-05 9.9946E-05 9.9946E-05 1
30: 9.9973E-05 0.00755988 0.0476215 0.936955 0.00268421 9.9973E-05 9.9973E-05 0.00487938 1
31: 0.00193221 9.9955E-05 9.9955E-05 0.987176 9.9955E-05 0.0103916 9.9955E-05 9.9955E-05 1
32: 9.994E-05 9.994E-05 9.994E-05 0.9993 9.994E-05 9.994E-05 9.994E-05 9.994E-05 1
33: 9.9946E-05 9.9946E-05 9.9946E-05 9.9946E-05 0.991873 0.00752732 9.9946E-05 9.9946E-05 1
34: 0.849137 0.0429572 9.9973E-05 0.02873 9.9973E-05 0.0759723 9.9973E-05 0.00290403 1
35: 9.9946E-05 9.9946E-05 0.00598535 9.9946E-05 0.993415 9.9946E-05 9.9946E-05 9.9946E-05 1
36: 0.99102 9.9955E-05 9.9955E-05 9.9955E-05 0.00826635 9.9955E-05 9.9955E-05 0.000214053 1
37: 9.99641E-05 0.00221794 0.025688 9.99641E-05 0.965479 0.0062149 9.99641E-05 9.99641E-05 1
38: 0.00226632 9.9955E-05 9.9955E-05 0.0199889 0.977245 9.9955E-05 9.9955E-05 9.9955E-05 1
39: 0.820867 9.9946E-05 9.9946E-05 9.9946E-05 9.9946E-05 0.178533 9.9946E-05 9.9946E-05 1
40: 0.711899 0.0176504 9.9955E-05 9.9955E-05 9.9955E-05 0.269951 9.9955E-05 9.9955E-05 1
41: 9.9973E-05 0.00659198 0.0109583 9.9973E-05 0.951763 9.9973E-05 0.00601198 0.0243752 1
42: 0.900626 9.9964E-05 0.00457332 0.0197878 9.9964E-05 0.074613 9.9964E-05 9.9964E-05 1
43: 9.9955E-05 9.9955E-05 0.0269531 9.9955E-05 0.965818 9.9955E-05 0.00672925 9.9955E-05 1
44: 9.9973E-05 0.451072 0.0344632 9.9973E-05 0.00351306 0.0379442 0.472708 9.9973E-05 1
45: 9.9964E-05 0.331566 9.9964E-05 0.0208823 9.9964E-05 0.608405 0.0387472 9.9964E-05 1
46: 9.9964E-05 9.9964E-05 0.00625781 9.9964E-05 9.9964E-05 0.0288631 0.959191 0.00528799 1
47: 0.0176396 0.0441032 0.0122505 0.0124325 0.0104441 0.0614282 0.841602 9.9991E-05 1
48: 0.0564284 0.16004 9.9964E-05 9.9964E-05 9.9964E-05 0.608868 0.174263 9.9964E-05 1
49: 0.261147 0.0679223 9.9964E-05 9.9964E-05 9.9964E-05 0.526788 0.143743 9.9964E-05 1
50: 0.32121 0.0806524 9.9982E-05 9.9982E-05 0.0193505 0.122964 0.455301 0.000322586 1
51: 9.9955E-05 0.00633347 9.9955E-05 9.9955E-05 9.9955E-05 9.9955E-05 0.963834 0.029333 1
52: 0.109821 0.161463 0.000749338 0.0108861 9.9982E-05 9.9982E-05 0.697825 0.0190555 1
53: 0.0793093 9.9964E-05 0.00534129 9.9964E-05 9.9964E-05 0.0417731 0.873176 9.9964E-05 1
54: 0.25928 0.0976678 0.00171952 9.9973E-05 9.9973E-05 0.276426 0.364607 9.9973E-05 1
55: 0.762855 0.0801992 9.9964E-05 9.9964E-05 9.9964E-05 0.0621981 0.0943474 9.9964E-05 1
56: 9.9946E-05 0.0426073 9.9946E-05 9.9946E-05 9.9946E-05 9.9946E-05 0.956793 9.9946E-05 1
57: 0.224938 0.000524617 9.9964E-05 9.9964E-05 9.9964E-05 0.0916565 0.682482 9.9964E-05 1
58: 9.994E-05 9.994E-05 9.994E-05 9.994E-05 0.9993 9.994E-05 9.994E-05 9.994E-05 1
59: 9.99641E-05 9.99641E-05 0.00832981 0.00307084 0.940265 9.99641E-05 9.99641E-05 0.0479343 1
60: 9.9955E-05 9.9955E-05 9.9955E-05 9.9955E-05 0.95644 9.9955E-05 0.0302918 0.0127689 1
61: 0.0276706 0.00664969 9.99551E-05 9.99551E-05 9.99551E-05 9.99551E-05 0.96518 9.99551E-05 1
62: 9.9955E-05 0.053258 0.00280979 9.9955E-05 9.9955E-05 0.943432 9.9955E-05 9.9955E-05 1
63: 0.000161248 0.203879 9.9982E-05 9.9982E-05 0.00800395 0.37993 0.403401 0.00442483 1
64: 9.9973E-05 0.0891577 9.9973E-05 0.00584693 9.9973E-05 0.36062 0.521418 0.0226575 1
65: 9.9955E-05 0.0714007 9.9955E-05 9.9955E-05 9.9955E-05 0.593564 0.334535 9.9955E-05 1
66: 0.096281 0.0433158 9.9964E-05 9.9964E-05 9.9964E-05 0.568333 0.29167 9.9964E-05 1
67: 0.0217935 0.0691455 9.9973E-05 9.9973E-05 0.0154353 0.211946 0.68138 9.9973E-05 1
68: 0.563251 9.9955E-05 9.9955E-05 9.9955E-05 9.9955E-05 0.405625 0.0306248 9.9955E-05 1
69: 0.0728562 9.9946E-05 9.9946E-05 9.9946E-05 9.9946E-05 0.926544 9.9946E-05 9.9946E-05 1
70: 9.994E-05 0.9993 9.994E-05 9.994E-05 9.994E-05 9.994E-05 9.994E-05 9.994E-05 1
71: 0.0110825 0.114427 9.9964E-05 9.9964E-05 9.9964E-05 9.9964E-05 0.859092 0.0149985 1
72: 0.353524 9.9982E-05 0.0198455 0.0219015 0.00553912 0.507289 0.0917009 9.9982E-05 1
73: 0.175175 0.0302706 9.9964E-05 9.9964E-05 9.9964E-05 0.266983 0.527171 9.9964E-05 1
74: 0.0772524 9.9955E-05 9.9955E-05 9.9955E-05 9.9955E-05 0.419552 0.502696 9.9955E-05 1
75: 0.475391 9.9955E-05 9.9955E-05 9.9955E-05 9.9955E-05 0.358523 0.165587 9.9955E-05 1
76: 9.994E-05 9.994E-05 9.994E-05 9.994E-05 9.994E-05 0.9993 9.994E-05 9.994E-05 1
77: 0.295488 0.0845754 9.9982E-05 9.9982E-05 0.00334513 0.573789 0.0215506 0.0210522 1
78: 0.176772 0.0818027 9.9964E-05 9.9964E-05 9.9964E-05 0.433944 0.307082 9.9964E-05 1
79: 0.135724 9.9955E-05 0.000137835 9.9955E-05 9.9955E-05 0.863639 9.9955E-05 9.9955E-05 1
80: 9.9946E-05 9.9946E-05 9.9946E-05 9.9946E-05 0.0424685 0.956932 9.9946E-05 9.9946E-05 1
81: 9.9955E-05 0.379695 9.9955E-05 9.9955E-05 9.9955E-05 0.261046 0.358759 9.9955E-05 1
82: 0.0561062 0.705372 9.9973E-05 0.00949956 9.9973E-05 9.9973E-05 0.201874 0.0268487 1
83: 0.383311 0.244564 9.9964E-05 9.9964E-05 9.9964E-05 0.167015 0.20471 9.9964E-05 1
84: 0.38753 0.594396 9.9964E-05 0.00499109 9.9964E-05 9.9964E-05 9.9964E-05 0.0126834 1
85: 0.0271538 9.9964E-05 9.9964E-05 9.9964E-05 9.9964E-05 0.282683 0.683455 0.0063084 1
86: 0.0782067 0.415543 9.9973E-05 9.9973E-05 9.9973E-05 0.359495 0.138703 0.00775265 1
87: 0.0990893 0.0500625 9.9973E-05 0.0175696 9.9973E-05 0.578742 0.254237 9.9973E-05 1
88: 0.025599 0.631449 9.9964E-05 9.9964E-05 9.9964E-05 0.0306693 0.311883 9.9964E-05 1
89: 9.9973E-05 0.057509 9.9973E-05 9.9973E-05 0.0254175 0.414742 0.501902 0.000130327 1
90: 0.0758019 0.621165 9.9955E-05 9.9955E-05 9.9955E-05 0.302533 9.9955E-05 9.9955E-05 1
91: 0.30329 0.582673 9.9991E-05 0.0214569 0.0133287 0.0383811 0.0339861 0.00678405 1
92: 9.994E-05 0.9993 9.994E-05 9.994E-05 9.994E-05 9.994E-05 9.994E-05 9.994E-05 1
93: 0.063665 0.210188 9.9973E-05 9.9973E-05 9.9973E-05 0.623166 0.0999023 0.00277885 1
94: 0.0297061 0.133779 0.0213998 9.9973E-05 9.9973E-05 0.312448 0.502366 9.9973E-05 1
95: 9.9964E-05 0.183244 0.00682795 9.9964E-05 9.9964E-05 0.107669 0.701858 9.9964E-05 1
