1: 0.00189869 0.43956 9.995E-05 9.995E-05 0.360412 0.017812 9.995E-05 9.995E-05 9.995E-05 0.179818 1
2: 9.99201E-05 9.99201E-05 9.99201E-05 9.99201E-05 0.999101 9.99201E-05 9.99201E-05 9.99201E-05 9.99201E-05 9.99201E-05 1
3: 9.99201E-05 0.999101 9.99201E-05 9.99201E-05 9.99201E-05 9.99201E-05 9.99201E-05 9.99201E-05 9.99201E-05 9.99201E-05 1
4: 9.996E-05 0.115274 0.00602246 9.996E-05 0.706712 0.00467885 9.996E-05 9.996E-05 0.0148647 0.152048 1
5: 9.9937E-05 0.0206837 0.857191 9.9937E-05 9.9937E-05 9.9937E-05 9.9937E-05 0.121425 9.9937E-05 9.9937E-05 1
6: 0.00254542 9.9946E-05 0.900666 9.9946E-05 0.0398942 9.9946E-05 9.9946E-05 0.0562949 9.9946E-05 9.9946E-05 1
7: 9.9955E-05 0.675135 0.016572 9.9955E-05 0.274243 9.9955E-05 9.9955E-05 9.9955E-05 0.000525723 0.0330242 1
8: 9.99201E-05 9.99201E-05 9.99201E-05 9.99201E-05 0.999101 9.99201E-05 9.99201E-05 9.99201E-05 9.99201E-05 9.99201E-05 1
9: 9.99461E-05 0.182466 0.0200234 9.99461E-05 0.755923 9.99461E-05 9.99461E-05 9.99461E-05 9.99461E-05 0.0409873 1
10: 9.9928E-05 9.9928E-05 9.9928E-05 9.9928E-05 9.9928E-05 0.869082 9.9928E-05 9.9928E-05 0.130118 9.9928E-05 1
11: 0.173399 9.99371E-05 9.99371E-05 0.0563221 9.99371E-05 9.99371E-05 0.76958 9.99371E-05 9.99371E-05 9.99371E-05 1
12: 9.9955E-05 9.9955E-05 9.9955E-05 0.100699 9.9955E-05 9.9955E-05 0.0619582 0.0205714 0.81521 0.00106111 1
13: 9.99201E-05 9.99201E-05 9.99201E-05 9.99201E-05 9.99201E-05 9.99201E-05 9.99201E-05 9.99201E-05 0.999101 9.99201E-05 1
14: 9.9946E-05 0.0110787 9.9946E-05 9.9946E-05 9.9946E-05 9.9946E-05 0.62848 0.000614121 0.359227 9.9946E-05 1
15: 9.99201E-05 9.99201E-05 9.99201E-05 9.99201E-05 9.99201E-05 9.99201E-05 9.99201E-05 0.999101 9.99201E-05 9.99201E-05 1
16: 9.9964E-05 0.497029 9.9964E-05 9.9964E-05 0.421792 0.00202871 0.0200406 0.0325818 9.9964E-05 0.0261277 1
17: 9.99371E-05 0.424105 9.99371E-05 9.99371E-05 0.56875 0.00644504 9.99371E-05 9.99371E-05 9.99371E-05 9.99371E-05 1
18: 9.99201E-05 9.99201E-05 9.99201E-05 9.99201E-05 0.999101 9.99201E-05 9.99201E-05 9.99201E-05 9.99201E-05 9.99201E-05 1
19: 9.99201E-05 9.99201E-05 9.99201E-05 9.99201E-05 0.999101 9.99201E-05 9.99201E-05 9.99201E-05 9.99201E-05 9.99201E-05 1
20: 0.0146596 0.672001 0.0147499 9.9955E-05 0.267559 9.9955E-05 9.9955E-05 9.9955E-05 9.9955E-05 0.0305307 1
21: 9.99461E-05 0.885041 9.99461E-05 9.99461E-05 0.0171853 0.0287464 9.99461E-05 9.99461E-05 9.99461E-05 0.0684275 1
22: 9.99201E-05 0.999101 9.99201E-05 9.99201E-05 9.99201E-05 9.99201E-05 9.99201E-05 9.99201E-05 9.99201E-05 9.99201E-05 1
23: 0.0158808 9.9973E-05 0.88641 9.9973E-05 0.0353874 0.00274381 0.00508082 0.0504952 0.00370233 9.9973E-05 1
24: 9.9928E-05 9.9928E-05 9.9928E-05 0.950413 9.9928E-05 0.0487871 9.9928E-05 9.9928E-05 9.9928E-05 9.9928E-05 1
25: 9.99371E-05 0.00791887 0.96896 9.99371E-05 9.99371E-05 9.99371E-05 9.99371E-05 9.99371E-05 9.99371E-05 0.0224213 1
26: 9.99201E-05 9.99201E-05 9.99201E-05 9.99201E-05 9.99201E-05 9.99201E-05 9.99201E-05 9.99201E-05 9.99201E-05 0.999101 1
27: 9.99201E-05 9.99201E-05 0.999101 9.99201E-05 9.99201E-05 9.99201E-05 9.99201E-05 9.99201E-05 9.99201E-05 9.99201E-05 1
28: 9.99201E-05 9.99201E-05 0.999101 9.99201E-05 9.99201E-05 9.99201E-05 9.99201E-05 9.99201E-05 9.99201E-05 9.99201E-05 1
29: 9.99281E-05 9.99281E-05 0.994277 9.99281E-05 9.99281E-05 9.99281E-05 9.99281E-05 9.99281E-05 0.00492357 9.99281E-05 1
30: 9.994E-05 9.994E-05 0.943348 0.0138645 9.994E-05 9.994E-05 9.994E-05 0.0398787 9.994E-05 0.00230958 1
31: 9.99371E-05 9.99371E-05 0.990594 0.00480797 9.99371E-05 0.00389818 9.99371E-05 9.99371E-05 9.99371E-05 9.99371E-05 1
32: 9.99201E-05 9.99201E-05 0.999101 9.99201E-05 9.99201E-05 9.99201E-05 9.99201E-05 9.99201E-05 9.99201E-05 9.99201E-05 1
33: 9.99281E-05 9.99281E-05 0.00550216 9.99281E-05 9.99281E-05 9.99281E-05 9.99281E-05 9.99281E-05 9.99281E-05 0.993698 1
34: 0.0374979 9.9964E-05 0.0317904 0.593301 0.00527057 0.22879 9.9964E-05 9.9964E-05 0.10295 9.9964E-05 1
35: 9.9928E-05 9.9928E-05 9.9928E-05 0.00739735 9.9928E-05 9.9928E-05 9.9928E-05 9.9928E-05 9.9928E-05 0.991803 1
36: 9.9937E-05 9.9937E-05 9.9937E-05 0.990351 9.9937E-05 9.9937E-05 0.00837381 9.9937E-05 9.9937E-05 0.000576082 1
37: 9.99551E-05 0.00255073 0.02107 9.99551E-05 9.99551E-05 0.00412281 9.99551E-05 0.00318569 9.99551E-05 0.968571 1
38: 9.99461E-05 9.99461E-05 0.00747776 0.00225815 9.99461E-05 9.99461E-05 9.99461E-05 0.00922656 9.99461E-05 0.980438 1
39: 9.9928E-05 9.9928E-05 9.9928E-05 0.878329 9.9928E-05 9.9928E-05 9.9928E-05 9.9928E-05 0.120871 9.9928E-05 1
40: 0.0124653 9.99371E-05 9.99371E-05 0.861005 9.99371E-05 9.99371E-05 9.99371E-05 9.99371E-05 0.12583 9.99371E-05 1
41: 0.00546725 0.0463986 9.9964E-05 9.9964E-05 9.9964E-05 9.9964E-05 0.000757425 0.00803328 0.0172402 0.921703 1
42: 9.9946E-05 9.9946E-05 0.000126069 0.982344 0.00400558 9.9946E-05 9.9946E-05 0.0129249 9.9946E-05 9.9946E-05 1
43: 9.9937E-05 9.9937E-05 0.00768621 9.9937E-05 9.9937E-05 9.9937E-05 9.9937E-05 0.0213982 9.9937E-05 0.970216 1
44: 0.370097 9.9964E-05 0.012298 0.0253836 9.9964E-05 9.9964E-05 0.508098 0.00770583 0.0760183 9.9964E-05 1
45: 0.24716 9.9964E-05 0.000785163 9.9964E-05 9.9964E-05 0.0100516 0.100419 0.029515 0.611669 9.9964E-05 1
46: 9.99371E-05 9.99371E-05 9.99371E-05 9.99371E-05 0.000366681 0.0206848 0.978249 9.99371E-05 9.99371E-05 9.99371E-05 1
47: 0.0359576 9.9973E-05 0.0130801 0.0240817 0.00263478 9.9973E-05 0.866453 9.9973E-05 0.0414239 0.0160689 1
48: 0.212663 9.9937E-05 9.9937E-05 9.9937E-05 9.9937E-05 9.9937E-05 0.173228 9.9937E-05 0.613409 9.9937E-05 1
49: 0.0352663 9.995E-05 9.995E-05 0.137473 9.995E-05 0.0464781 0.14502 9.995E-05 0.635262 9.995E-05 1
50: 0.0930583 9.99641E-05 9.99641E-05 0.164479 9.99641E-05 0.182481 0.452071 9.99641E-05 0.100526 0.00698488 1
51: 0.0286602 9.9937E-05 9.9937E-05 9.9937E-05 0.0256738 9.9937E-05 0.944966 9.9937E-05 9.9937E-05 9.9937E-05 1
52: 0.1767 9.9955E-05 0.000660973 0.0868948 0.024646 9.9955E-05 0.710599 9.9955E-05 9.9955E-05 9.9955E-05 1
53: 9.99461E-05 9.99461E-05 9.99461E-05 9.99461E-05 9.99461E-05 0.0564835 0.805172 0.00897938 0.128765 9.99461E-05 1
54: 0.0910976 9.9964E-05 9.9964E-05 0.17135 9.9964E-05 0.076343 0.434742 0.00977699 0.216291 9.9964E-05 1
55: 9.99201E-05 9.99201E-05 9.99201E-05 9.99201E-05 9.99201E-05 0.999101 9.99201E-05 9.99201E-05 9.99201E-05 9.99201E-05 1
56: 0.0218787 9.9937E-05 9.9937E-05 9.9937E-05 9.9937E-05 0.0157667 0.961655 9.9937E-05 9.9937E-05 9.9937E-05 1
57: 9.9946E-05 9.9946E-05 9.9946E-05 0.0362389 9.9946E-05 0.34226 0.598072 9.9946E-05 0.022829 9.9946E-05 1
58: 9.99201E-05 9.99201E-05 9.99201E-05 9.99201E-05 9.99201E-05 9.99201E-05 9.99201E-05 9.99201E-05 9.99201E-05 0.999101 1
59: 9.99461E-05 0.0417271 9.99461E-05 9.99461E-05 0.0205185 9.99461E-05 9.99461E-05 0.01105 9.99461E-05 0.926105 1
60: 0.0201104 9.9973E-05 0.00595529 0.00300367 0.0461103 0.00255225 0.00348864 9.9973E-05 9.9973E-05 0.91848 1
61: 9.99281E-05 9.99281E-05 9.99281E-05 9.99281E-05 9.99281E-05 0.0193637 0.979837 9.99281E-05 9.99281E-05 9.99281E-05 1
62: 0.0277176 9.9964E-05 9.9964E-05 0.00183962 9.9964E-05 0.00780367 0.00978022 0.00548673 0.946972 9.9964E-05 1
63: 0.221748 9.9955E-05 9.9955E-05 9.9955E-05 0.00282 9.9955E-05 0.416392 9.9955E-05 0.348727 0.00981326 1
64: 0.117147 9.9955E-05 9.9955E-05 9.9955E-05 0.0090642 9.9955E-05 0.518475 9.9955E-05 0.351938 0.0028766 1
65: 0.0132318 9.9955E-05 9.9955E-05 0.0134463 9.9955E-05 0.0330735 0.352041 9.9955E-05 0.587708 9.9955E-05 1
66: 0.0209875 0.00832212 9.9964E-05 0.00470666 9.9964E-05 0.111855 0.292974 9.9964E-05 0.560755 9.9964E-05 1
67: 0.104539 0.0109539 9.9964E-05 0.00762581 9.9964E-05 0.0796825 0.630177 9.9964E-05 0.166621 9.9964E-05 1
68: 9.9928E-05 9.9928E-05 9.9928E-05 9.9928E-05 9.9928E-05 0.891921 9.9928E-05 9.9928E-05 0.107279 9.9928E-05 1
69: 9.9928E-05 9.9928E-05 9.9928E-05 9.9928E-05 9.9928E-05 0.352467 9.9928E-05 9.9928E-05 0.646734 9.9928E-05 1
70: 0.999101 9.99201E-05 9.99201E-05 9.99201E-05 9.99201E-05 9.99201E-05 9.99201E-05 9.99201E-05 9.99201E-05 9.99201E-05 1
71: 0.121666 9.9955E-05 9.9955E-05 9.9955E-05 9.9955E-05 0.0488286 0.82057 0.00318629 9.9955E-05 0.00524932 1
72: 9.9973E-05 9.9973E-05 9.9973E-05 0.0994995 0.000635024 0.321705 0.078276 0.0012553 0.448842 0.0494869 1
73: 9.9946E-05 9.9946E-05 9.9946E-05 0.149237 9.9946E-05 0.0546602 0.509685 9.9946E-05 0.285818 9.9946E-05 1
74: 9.9937E-05 9.9937E-05 9.9937E-05 9.9937E-05 9.9937E-05 0.262542 0.394225 9.9937E-05 0.342533 9.9937E-05 1
75: 9.99461E-05 9.99461E-05 9.99461E-05 0.137275 9.99461E-05 0.263396 0.176825 9.99461E-05 0.421905 9.99461E-05 1
76: 9.9946E-05 0.00242919 0.00290575 0.0125708 9.9946E-05 9.9946E-05 9.9946E-05 9.9946E-05 0.981495 9.9946E-05 1
77: 0.0482643 9.9973E-05 9.9973E-05 0.0729425 0.0140878 0.394331 0.0427244 9.9973E-05 0.425257 0.00209336 1
78: 0.0436147 9.9964E-05 9.9964E-05 0.146951 9.9964E-05 0.201825 0.278277 9.9964E-05 0.307992 0.0209398 1
79: 9.9946E-05 9.9946E-05 0.0029273 0.176308 9.9946E-05 0.0116087 9.9946E-05 9.9946E-05 0.808556 9.9946E-05 1
80: 9.9937E-05 0.00741094 9.9937E-05 9.9937E-05 9.9937E-05 9.9937E-05 9.9937E-05 9.9937E-05 0.968984 0.0229059 1
81: 0.32367 9.9937E-05 9.9937E-05 9.9937E-05 9.9937E-05 9.9937E-05 0.37844 9.9937E-05 0.29719 9.9937E-05 1
82: 0.693938 0.00998451 9.9964E-05 0.0768974 0.0114195 9.9964E-05 0.203195 9.9964E-05 9.9964E-05 0.00416603 1
83: 0.244832 9.9955E-05 9.9955E-05 0.176335 9.9955E-05 0.199792 0.142662 9.9955E-05 0.235879 9.9955E-05 1
84: 0.630965 9.9946E-05 9.9946E-05 0.121538 0.0143801 0.232517 9.9946E-05 9.9946E-05 9.9946E-05 9.9946E-05 1
85: 9.99461E-05 9.99461E-05 9.99461E-05 0.017076 0.0140832 9.99461E-05 0.704048 9.99461E-05 0.264194 9.99461E-05 1
86: 0.396022 9.9946E-05 9.9946E-05 0.128828 9.9946E-05 9.9946E-05 0.109164 9.9946E-05 0.365387 9.9946E-05 1
87: 9.9964E-05 9.9964E-05 0.017476 0.042741 9.9964E-05 0.125018 0.283137 0.00965725 0.521571 9.9964E-05 1
88: 0.572533 9.99371E-05 9.99371E-05 0.09061 9.99371E-05 9.99371E-05 0.336157 9.99371E-05 9.99371E-05 9.99371E-05 1
89: 0.101195 9.9946E-05 9.9946E-05 9.9946E-05 9.9946E-05 9.9946E-05 0.490087 9.9946E-05 0.398838 0.00927966 1
90: 0.618517 9.9946E-05 0.00700273 0.0276064 9.9946E-05 9.9946E-05 9.9946E-05 9.9946E-05 0.346274 9.9946E-05 1
91: 0.514677 0.00668447 0.00335973 9.9955E-05 9.9955E-05 0.470289 9.9955E-05 0.00449014 9.9955E-05 9.9955E-05 1
92: 0.999101 9.99201E-05 9.99201E-05 9.99201E-05 9.99201E-05 9.99201E-05 9.99201E-05 9.99201E-05 9.99201E-05 9.99201E-05 1
93: 0.30123 9.9946E-05 9.9946E-05 0.0963988 9.9946E-05 9.9946E-05 0.0314946 9.9946E-05 0.570277 9.9946E-05 1
94: 0.132427 9.9964E-05 9.9964E-05 0.0186119 9.9964E-05 0.00434562 0.549545 0.020569 0.274102 9.9964E-05 1
95: 0.132567 9.9964E-05 9.9964E-05 0.0131424 9.9964E-05 9.9964E-05 0.795304 0.00962804 0.0474526 0.00150592 1
96: 0.492196 9.9955E-05 9.9955E-05 0.082759 9.9955E-05 0.0164192 0.233682 9.9955E-05 0.174445 9.9955E-05 1
97: 0.476066 9.9937E-05 9.9937E-05 0.136335 9.9937E-05 9.9937E-05 9.9937E-05 9.9937E-05 0.3869 9.9937E-05 1
98: 0.276463 9.9964E-05 0.0178179 0.110423 9.9964E-05 0.174193 0.033292 9.9964E-05 0.387412 9.9964E-05 1
99: 0.158486 0.00737337 0.0107505 9.9955E-05 9.9955E-05 9.9955E-05 0.81409 9.9955E-05 9.9955E-05 0.00880119 1
100: 9.99281E-05 9.99281E-05 9.99281E-05 9.99281E-05 0.0923659 9.99281E-05 9.99281E-05 9.99281E-05 9.99281E-05 0.906835 1
101: 9.9955E-05 9.9955E-05 0.00146378 0.00445641 0.00775044 0.00341484 9.9955E-05 9.9955E-05 9.9955E-05 0.982415 1
102: 9.99201E-05 9.99201E-05 9.99201E-05 9.99201E-05 9.99201E-05 9.99201E-05 9.99201E-05 9.99201E-05 9.99201E-05 0.999101 1
103: 9.99371E-05 9.99371E-05 9.99371E-05 9.99371E-05 0.0470351 9.99371E-05 9.99371E-05 0.0221989 9.99371E-05 0.930066 1
104: 9.99281E-05 9.99281E-05 9.99281E-05 0.00357242 9.99281E-05 9.99281E-05 9.99281E-05 9.99281E-05 9.99281E-05 0.995628 1
105: 9.99281E-05 9.99281E-05 9.99281E-05 0.0125511 9.99281E-05 9.99281E-05 9.99281E-05 9.99281E-05 9.99281E-05 0.98665 1
106: 0.0125111 9.9973E-05 0.716761 9.9973E-05 0.00423229 0.0542851 0.00480492 0.199262 9.9973E-05 0.00784375 1
107: 9.99281E-05 0.0174799 9.99281E-05 9.99281E-05 9.99281E-05 9.99281E-05 9.99281E-05 9.99281E-05 9.99281E-05 0.981721 1
108: 9.99551E-05 0.00735974 9.99551E-05 9.99551E-05 0.0379443 0.0148611 9.99551E-05 0.0116068 9.99551E-05 0.927728 1
109: 9.99371E-05 9.99371E-05 9.99371E-05 0.00483026 0.00696371 9.99371E-05 9.99371E-05 9.99371E-05 9.99371E-05 0.987506 1
110: 9.99371E-05 9.99371E-05 0.0150773 9.99371E-05 0.025535 9.99371E-05 9.99371E-05 9.99371E-05 9.99371E-05 0.958688 1
111: 0.0492578 0.0199194 9.9973E-05 0.549002 0.00712006 0.231075 0.0795248 9.9973E-05 0.063801 9.9973E-05 1
112: 9.99201E-05 9.99201E-05 9.99201E-05 9.99201E-05 0.999101 9.99201E-05 9.99201E-05 9.99201E-05 9.99201E-05 9.99201E-05 1
113: 9.9928E-05 9.9928E-05 0.252091 9.9928E-05 9.9928E-05 9.9928E-05 9.9928E-05 0.747109 9.9928E-05 9.9928E-05 1
114: 9.99281E-05 9.99281E-05 0.979016 9.99281E-05 9.99281E-05 9.99281E-05 9.99281E-05 9.99281E-05 9.99281E-05 0.0201841 1
115: 9.99371E-05 0.170604 9.99371E-05 9.99371E-05 0.814138 9.99371E-05 9.99371E-05 9.99371E-05 9.99371E-05 0.014558 1
116: 9.99201E-05 0.999101 9.99201E-05 9.99201E-05 9.99201E-05 9.99201E-05 9.99201E-05 9.99201E-05 9.99201E-05 9.99201E-05 1
117: 9.9955E-05 0.364086 9.9955E-05 0.0241419 0.528591 9.9955E-05 0.011832 9.9955E-05 9.9955E-05 0.0708494 1
118: 9.9946E-05 0.665647 0.0256646 9.9946E-05 0.256517 9.9946E-05 9.9946E-05 9.9946E-05 9.9946E-05 0.0515719 1
119: 9.9937E-05 9.9937E-05 0.880712 9.9937E-05 0.0166322 9.9937E-05 9.9937E-05 0.101956 9.9937E-05 9.9937E-05 1

1: 9.99461E-05 9.99461E-05 0.764604 9.99461E-05 9.99461E-05 9.99461E-05 0.195001 9.99461E-05 0.0198504 0.0199449 1
2: 9.99201E-05 9.99201E-05 0.999101 9.99201E-05 9.99201E-05 9.99201E-05 9.99201E-05 9.99201E-05 9.99201E-05 9.99201E-05 1
3: 9.99371E-05 9.99371E-05 0.932792 9.99371E-05 9.99371E-05 9.99371E-05 0.0616271 0.00488095 9.99371E-05 9.99371E-05 1
4: 9.99551E-05 9.99551E-05 0.83311 0.0187485 9.99551E-05 9.99551E-05 0.100521 0.0205286 0.0265922 9.99551E-05 1
5: 9.9937E-05 9.9937E-05 9.9937E-05 9.9937E-05 9.9937E-05 9.9937E-05 0.0137358 0.896321 9.9937E-05 0.0892433 1
6: 9.9946E-05 9.9946E-05 0.012786 9.9946E-05 9.9946E-05 9.9946E-05 9.9946E-05 0.924673 0.0257148 0.0362264 1
7: 9.9946E-05 9.9946E-05 0.875897 0.0405096 9.9946E-05 9.9946E-05 0.0599033 0.0230906 9.9946E-05 9.9946E-05 1
8: 9.99201E-05 9.99201E-05 0.999101 9.99201E-05 9.99201E-05 9.99201E-05 9.99201E-05 9.99201E-05 9.99201E-05 9.99201E-05 1
9: 9.99551E-05 0.00491473 0.960409 9.99551E-05 9.99551E-05 0.00532054 0.0279619 0.000893674 9.99551E-05 9.99551E-05 1
10: 9.9928E-05 9.9928E-05 9.9928E-05 9.9928E-05 0.20872 9.9928E-05 9.9928E-05 9.9928E-05 0.79048 9.9928E-05 1
11: 0.249155 0.687749 9.99371E-05 9.99371E-05 9.99371E-05 9.99371E-05 9.99371E-05 9.99371E-05 0.062397 9.99371E-05 1
12: 9.9946E-05 9.9946E-05 9.9946E-05 9.9946E-05 0.978201 9.9946E-05 0.0024662 0.00114796 9.9946E-05 0.0175853 1
13: 9.99201E-05 9.99201E-05 9.99201E-05 0.999101 9.99201E-05 9.99201E-05 9.99201E-05 9.99201E-05 9.99201E-05 9.99201E-05 1
14: 0.00101406 0.558608 9.9955E-05 0.00459971 0.356281 9.9955E-05 9.9955E-05 9.9955E-05 0.0789977 9.9955E-05 1
15: 9.99201E-05 9.99201E-05 9.99201E-05 9.99201E-05 9.99201E-05 9.99201E-05 9.99201E-05 9.99201E-05 9.99201E-05 0.999101 1
16: 9.9946E-05 0.017848 0.903495 9.9946E-05 9.9946E-05 9.9946E-05 0.0262894 9.9946E-05 9.9946E-05 0.0517684 1
17: 9.99371E-05 9.99371E-05 0.975972 9.99371E-05 9.99371E-05 0.000155889 9.99371E-05 9.99371E-05 0.0231723 9.99371E-05 1
18: 9.99201E-05 9.99201E-05 0.999101 9.99201E-05 9.99201E-05 9.99201E-05 9.99201E-05 9.99201E-05 9.99201E-05 9.99201E-05 1
19: 9.99201E-05 9.99201E-05 0.999101 9.99201E-05 9.99201E-05 9.99201E-05 9.99201E-05 9.99201E-05 9.99201E-05 9.99201E-05 1
20: 9.99461E-05 9.99461E-05 0.904997 0.0161254 9.99461E-05 9.99461E-05 0.0412731 0.0370046 9.99461E-05 9.99461E-05 1
21: 9.99461E-05 9.99461E-05 0.832288 0.0457415 9.99461E-05 9.99461E-05 0.0879788 9.99461E-05 9.99461E-05 0.0333922 1
22: 9.99461E-05 0.0189162 0.924932 9.99461E-05 9.99461E-05 9.99461E-05 0.0446991 0.0108533 9.99461E-05 9.99461E-05 1
23: 9.9946E-05 9.9946E-05 0.0157537 9.9946E-05 9.9946E-05 9.9946E-05 9.9946E-05 0.884807 0.0248675 0.0739721 1
24: 9.9928E-05 9.9928E-05 9.9928E-05 9.9928E-05 9.9928E-05 0.923717 9.9928E-05 9.9928E-05 0.0754835 9.9928E-05 1
25: 9.99281E-05 9.99281E-05 9.99281E-05 9.99281E-05 9.99281E-05 9.99281E-05 0.00528082 0.99392 9.99281E-05 9.99281E-05 1
26: 9.99201E-05 9.99201E-05 9.99201E-05 9.99201E-05 9.99201E-05 9.99201E-05 0.999101 9.99201E-05 9.99201E-05 9.99201E-05 1
27: 9.99201E-05 9.99201E-05 9.99201E-05 9.99201E-05 9.99201E-05 9.99201E-05 9.99201E-05 0.999101 9.99201E-05 9.99201E-05 1
28: 9.99201E-05 9.99201E-05 9.99201E-05 9.99201E-05 9.99201E-05 9.99201E-05 9.99201E-05 0.999101 9.99201E-05 9.99201E-05 1
29: 9.99201E-05 9.99201E-05 9.99201E-05 9.99201E-05 9.99201E-05 9.99201E-05 9.99201E-05 0.999101 9.99201E-05 9.99201E-05 1
30: 9.9955E-05 9.9955E-05 9.9955E-05 0.00235389 9.9955E-05 0.0490594 0.0296772 0.896013 9.9955E-05 0.0223971 1
31: 9.9946E-05 0.0252334 9.9946E-05 9.9946E-05 9.9946E-05 0.00418842 9.9946E-05 0.964302 0.00567646 9.9946E-05 1
32: 9.99201E-05 9.99201E-05 9.99201E-05 9.99201E-05 9.99201E-05 9.99201E-05 9.99201E-05 0.999101 9.99201E-05 9.99201E-05 1
33: 9.99281E-05 9.99281E-05 9.99281E-05 9.99281E-05 9.99281E-05 0.00384568 0.995355 9.99281E-05 9.99281E-05 9.99281E-05 1
34: 0.0554631 9.9973E-05 0.00663182 9.9973E-05 0.0922928 0.578026 9.9973E-05 0.0309078 0.235734 0.000644302 1
35: 9.9928E-05 9.9928E-05 9.9928E-05 9.9928E-05 9.9928E-05 9.9928E-05 0.984356 9.9928E-05 9.9928E-05 0.0148443 1
36: 9.9928E-05 9.9928E-05 9.9928E-05 0.000337276 9.9928E-05 0.998863 9.9928E-05 9.9928E-05 9.9928E-05 9.9928E-05 1
37: 9.99551E-05 0.000591137 9.99551E-05 9.99551E-05 9.99551E-05 9.99551E-05 0.972331 0.0135965 0.0101571 0.00282424 1
38: 9.99201E-05 9.99201E-05 9.99201E-05 9.99201E-05 9.99201E-05 9.99201E-05 0.999101 9.99201E-05 9.99201E-05 9.99201E-05 1
39: 9.9928E-05 9.9928E-05 9.9928E-05 9.9928E-05 0.222838 0.776362 9.9928E-05 9.9928E-05 9.9928E-05 9.9928E-05 1
40: 9.99281E-05 9.99281E-05 9.99281E-05 9.99281E-05 0.295978 0.703223 9.99281E-05 9.99281E-05 9.99281E-05 9.99281E-05 1
41: 0.0317887 9.9946E-05 0.0103244 9.9946E-05 9.9946E-05 9.9946E-05 0.942694 9.9946E-05 9.9946E-05 0.0145932 1
42: 9.9937E-05 9.9937E-05 9.9937E-05 0.0575661 9.9937E-05 0.940024 9.9937E-05 9.9937E-05 9.9937E-05 0.00171038 1
43: 9.9937E-05 9.9937E-05 9.9937E-05 9.9937E-05 0.0105239 9.9937E-05 0.963392 9.9937E-05 9.9937E-05 0.0253846 1
44: 0.454649 0.42008 9.9955E-05 0.0921727 9.9955E-05 0.00673 9.9955E-05 9.9955E-05 9.9955E-05 0.0258689 1
45: 0.335201 9.9946E-05 9.9946E-05 0.211256 0.442637 9.9946E-05 9.9946E-05 0.0103069 9.9946E-05 9.9946E-05 1
46: 9.9964E-05 0.917289 0.00547334 0.0526003 0.0187964 9.9964E-05 9.9964E-05 9.9964E-05 0.00149462 0.00394673 1
47: 9.9955E-05 0.832327 9.9955E-05 0.0239473 9.9955E-05 0.122804 0.0115132 9.9955E-05 9.9955E-05 0.00890893 1
48: 0.169088 0.158819 9.9946E-05 0.134714 0.536779 9.9946E-05 9.9946E-05 9.9946E-05 9.9946E-05 9.9946E-05 1
49: 0.0260992 0.0545501 9.9964E-05 0.108665 0.720668 0.027 9.9964E-05 9.9964E-05 0.0626179 9.9964E-05 1
50: 0.0924871 0.332732 9.99551E-05 9.99551E-05 0.33357 0.0797211 9.99551E-05 9.99551E-05 0.16099 9.99551E-05 1
51: 0.0481577 0.934074 0.0137808 9.9946E-05 9.9946E-05 9.9946E-05 9.9946E-05 9.9946E-05 9.9946E-05 0.00338807 1
52: 0.21661 0.579805 0.0115937 9.9955E-05 9.9955E-05 0.171801 9.9955E-05 0.0196897 9.9955E-05 9.9955E-05 1
53: 9.99461E-05 0.81371 9.99461E-05 0.0237228 0.054511 9.99461E-05 9.99461E-05 9.99461E-05 0.107456 9.99461E-05 1
54: 0.123041 0.332918 9.9955E-05 0.0244743 0.293621 0.225445 9.9955E-05 9.9955E-05 9.9955E-05 9.9955E-05 1
55: 9.99201E-05 9.99201E-05 9.99201E-05 9.99201E-05 9.99201E-05 9.99201E-05 9.99201E-05 9.99201E-05 0.999101 9.99201E-05 1
56: 0.00545479 0.976721 9.9937E-05 9.9937E-05 9.9937E-05 9.9937E-05 9.9937E-05 9.9937E-05 0.0171249 9.9937E-05 1
57: 9.99551E-05 0.554044 9.99551E-05 0.106199 0.019446 0.0599652 9.99551E-05 9.99551E-05 0.259846 9.99551E-05 1
58: 9.99371E-05 9.99371E-05 9.99371E-05 9.99371E-05 9.99371E-05 0.00707524 0.988349 9.99371E-05 0.00387588 9.99371E-05 1
59: 9.99372E-05 9.99372E-05 0.0427984 9.99372E-05 9.99372E-05 9.99372E-05 0.954274 0.00222828 9.99372E-05 9.99372E-05 1
60: 9.9955E-05 9.9955E-05 0.0362087 0.013172 9.9955E-05 9.9955E-05 0.94114 0.00147819 0.00750121 9.9955E-05 1
61: 0.0186123 0.947293 9.99461E-05 9.99461E-05 0.0198271 9.99461E-05 9.99461E-05 9.99461E-05 0.0136684 9.99461E-05 1
62: 9.9937E-05 9.9937E-05 9.9937E-05 0.10466 0.88263 9.9937E-05 9.9937E-05 9.9937E-05 9.9937E-05 0.0120095 1
63: 0.224746 0.375865 9.9946E-05 0.392144 9.9946E-05 0.00664499 9.9946E-05 9.9946E-05 9.9946E-05 9.9946E-05 1
64: 0.113641 0.459107 9.9946E-05 0.416773 9.9946E-05 9.9946E-05 0.00987913 9.9946E-05 9.9946E-05 9.9946E-05 1
65: 0.0449766 0.3341 9.9946E-05 0.0678166 0.552507 9.9946E-05 9.9946E-05 9.9946E-05 9.9946E-05 9.9946E-05 1
66: 0.0328033 0.208756 9.9946E-05 9.9946E-05 0.72166 9.9946E-05 9.9946E-05 9.9946E-05 0.036181 9.9946E-05 1
67: 0.088585 0.545249 9.9964E-05 0.0293185 0.310776 9.9964E-05 0.0246267 9.9964E-05 0.00104523 9.9964E-05 1
68: 9.9928E-05 9.9928E-05 9.9928E-05 0.212384 9.9928E-05 9.9928E-05 9.9928E-05 9.9928E-05 0.786817 9.9928E-05 1
69: 9.9928E-05 9.9928E-05 9.9928E-05 0.759169 9.9928E-05 9.9928E-05 9.9928E-05 9.9928E-05 0.240032 9.9928E-05 1
70: 0.999101 9.99201E-05 9.99201E-05 9.99201E-05 9.99201E-05 9.99201E-05 9.99201E-05 9.99201E-05 9.99201E-05 9.99201E-05 1
71: 0.112057 0.843971 9.994E-05 9.994E-05 9.994E-05 0.0363178 0.00705379 9.994E-05 9.994E-05 9.994E-05 1
72: 9.9973E-05 0.0388844 9.9973E-05 9.9973E-05 0.607992 0.084487 0.0154329 0.00939677 0.220857 0.0226501 1
73: 0.0360251 0.483264 9.9955E-05 0.180253 0.174683 0.125275 9.9955E-05 9.9955E-05 9.9955E-05 9.9955E-05 1
74: 9.9937E-05 0.343154 9.9937E-05 9.9937E-05 0.403922 9.9937E-05 9.9937E-05 9.9937E-05 0.252224 9.9937E-05 1
75: 9.9955E-05 0.0618269 9.9955E-05 0.00104341 0.520306 0.0374904 9.9955E-05 9.9955E-05 0.378834 9.9955E-05 1
76: 9.9928E-05 9.9928E-05 9.9928E-05 0.497208 0.501992 9.9928E-05 9.9928E-05 9.9928E-05 9.9928E-05 9.9928E-05 1
77: 0.0741952 9.9964E-05 9.9964E-05 0.217165 0.32022 0.0712113 0.025953 9.9964E-05 0.290856 9.9964E-05 1
78: 0.0510166 0.246686 9.9973E-05 0.0316934 0.347248 0.168661 0.0236023 9.9973E-05 0.130792 9.9973E-05 1
79: 9.9946E-05 9.9946E-05 9.9946E-05 0.446789 0.453645 0.0976269 9.9946E-05 0.001339 9.9946E-05 9.9946E-05 1
80: 9.9928E-05 9.9928E-05 9.9928E-05 0.996316 9.9928E-05 9.9928E-05 0.00288465 9.9928E-05 9.9928E-05 9.9928E-05 1
81: 0.376815 0.276256 9.9946E-05 0.176679 0.169651 9.9946E-05 9.9946E-05 9.9946E-05 9.9946E-05 9.9946E-05 1
82: 0.756444 0.142878 0.0296588 9.9955E-05 9.9955E-05 0.0674985 9.9955E-05 0.00302102 9.9955E-05 9.9955E-05 1
83: 0.227448 0.153023 9.9955E-05 9.9955E-05 0.340317 0.0862214 9.9955E-05 9.9955E-05 0.192492 9.9955E-05 1
84: 0.580664 9.9946E-05 0.0155196 9.9946E-05 9.9946E-05 0.067642 9.9946E-05 9.9946E-05 0.335575 9.9946E-05 1
85: 9.99461E-05 0.642584 9.99461E-05 0.0731396 0.231945 0.0517314 9.99461E-05 9.99461E-05 9.99461E-05 9.99461E-05 1
86: 0.385882 0.108487 0.00574205 0.0927373 0.289508 0.117243 9.9964E-05 9.9964E-05 9.9964E-05 9.9964E-05 1
87: 0.0523711 0.236668 9.9964E-05 0.491483 0.0882681 0.0575087 9.9964E-05 9.9964E-05 0.0733018 9.9964E-05 1
88: 0.583867 0.346305 9.9937E-05 9.9937E-05 9.9937E-05 0.0691284 9.9937E-05 9.9937E-05 9.9937E-05 9.9937E-05 1
89: 0.102245 0.417906 9.9955E-05 0.246861 0.228803 9.9955E-05 9.9955E-05 9.9955E-05 9.9955E-05 0.00368452 1
90: 0.60036 9.9946E-05 9.9946E-05 0.00616437 0.375655 0.0172213 9.9946E-05 9.9946E-05 9.9946E-05 9.9946E-05 1
91: 0.48501 9.9955E-05 9.9955E-05 9.9955E-05 9.9955E-05 9.9955E-05 0.0210357 0.00552084 0.482734 0.00519943 1
92: 0.999101 9.99201E-05 9.99201E-05 9.99201E-05 9.99201E-05 9.99201E-05 9.99201E-05 9.99201E-05 9.99201E-05 9.99201E-05 1
93: 0.281141 0.0194255 9.9964E-05 0.156053 0.500899 0.0417255 9.9964E-05 9.9964E-05 9.9964E-05 0.000355753 1
94: 0.0913805 0.488064 9.9973E-05 0.0877313 0.225223 0.0449334 9.9973E-05 9.9973E-05 0.0514512 0.0109168 1
95: 0.192679 0.682559 9.9964E-05 0.0696193 9.9964E-05 0.0147014 9.9964E-05 9.9964E-05 0.0226985 0.0173428 1
96: 0.475914 0.177585 9.9964E-05 0.152452 0.0643031 0.0659726 9.9964E-05 9.9964E-05 0.063374 9.9964E-05 1
97: 0.490645 9.9928E-05 9.9928E-05 9.9928E-05 0.508556 9.9928E-05 9.9928E-05 9.9928E-05 9.9928E-05 9.9928E-05 1
98: 0.289656 0.0509826 9.9964E-05 0.0688444 0.275676 0.0804346 9.9964E-05 9.9964E-05 0.234006 9.9964E-05 1
99: 0.222069 0.725615 9.9973E-05 0.0272626 9.9973E-05 9.9973E-05 0.00787067 0.0105449 0.00348415 0.00285361 1
100: 9.99461E-05 9.99461E-05 0.0814937 9.99461E-05 9.99461E-05 0.00580833 0.91018 9.99461E-05 0.00191811 9.99461E-05 1
101: 9.99201E-05 9.99201E-05 9.99201E-05 9.99201E-05 9.99201E-05 9.99201E-05 0.999101 9.99201E-05 9.99201E-05 9.99201E-05 1
102: 9.99281E-05 9.99281E-05 9.99281E-05 9.99281E-05 9.99281E-05 0.000503257 0.998697 9.99281E-05 9.99281E-05 9.99281E-05 1
103: 9.99371E-05 9.99371E-05 0.0823145 9.99371E-05 9.99371E-05 9.99371E-05 0.911919 0.00506698 9.99371E-05 9.99371E-05 1
104: 0.00786161 0.00264332 9.99461E-05 9.99461E-05 0.000985187 9.99461E-05 0.98791 9.99461E-05 9.99461E-05 9.99461E-05 1
105: 9.9928E-05 9.9928E-05 9.9928E-05 9.9928E-05 0.00573967 9.9928E-05 0.993461 9.9928E-05 9.9928E-05 9.9928E-05 1
106: 9.99461E-05 9.99461E-05 9.99461E-05 9.99461E-05 9.99461E-05 9.99461E-05 0.0321542 0.706493 0.0671327 0.19362 1
107: 9.99281E-05 9.99281E-05 0.0052406 9.99281E-05 9.99281E-05 9.99281E-05 0.99396 9.99281E-05 9.99281E-05 9.99281E-05 1
108: 9.99461E-05 9.99461E-05 0.0193326 0.0138821 9.99461E-05 9.99461E-05 0.9461 0.0200851 9.99461E-05 9.99461E-05 1
109: 9.99371E-05 9.99371E-05 0.0174534 9.99371E-05 9.99371E-05 9.99371E-05 0.970271 9.99371E-05 0.0115758 9.99371E-05 1
110: 9.99371E-05 9.99371E-05 0.00648435 9.99371E-05 9.99371E-05 9.99371E-05 0.983266 0.00954975 9.99371E-05 9.99371E-05 1
111: 0.0224093 0.0666118 0.0158412 0.046852 0.00606038 0.52914 9.9973E-05 9.9973E-05 0.312786 9.9973E-05 1
112: 9.99201E-05 9.99201E-05 0.999101 9.99201E-05 9.99201E-05 9.99201E-05 9.99201E-05 9.99201E-05 9.99201E-05 9.99201E-05 1
113: 9.9928E-05 9.9928E-05 9.9928E-05 9.9928E-05 9.9928E-05 9.9928E-05 9.9928E-05 0.239117 9.9928E-05 0.760084 1
114: 9.99371E-05 9.99371E-05 0.00742399 9.99371E-05 0.00930665 9.99371E-05 9.99371E-05 0.98257 9.99371E-05 9.99371E-05 1
115: 9.99461E-05 0.00776811 0.979784 9.99461E-05 9.99461E-05 9.99461E-05 0.0113189 0.000529132 9.99461E-05 9.99461E-05 1
116: 9.99371E-05 9.99371E-05 0.918076 9.99371E-05 9.99371E-05 9.99371E-05 0.0576738 0.0235508 9.99371E-05 9.99371E-05 1
117: 9.9964E-05 0.0188335 0.881531 0.00509527 9.9964E-05 0.0205925 0.0654612 9.9964E-05 9.9964E-05 0.00808609 1
118: 9.9955E-05 9.9955E-05 0.894925 0.0155985 9.9955E-05 0.0170046 0.0507435 0.0212285 9.9955E-05 9.9955E-05 1
119: 9.9946E-05 9.9946E-05 0.0253742 9.9946E-05 9.9946E-05 9.9946E-05 0.0223833 0.89634 9.9946E-05 0.0553024 1

1: 9.99371E-05 9.99371E-05 0.784092 9.99371E-05 0.0220249 0.193184 9.99371E-05 9.99371E-05 9.99371E-05 9.99371E-05 1
2: 9.99201E-05 9.99201E-05 0.999101 9.99201E-05 9.99201E-05 9.99201E-05 9.99201E-05 9.99201E-05 9.99201E-05 9.99201E-05 1
3: 0.0244498 9.99461E-05 0.930427 9.99461E-05 9.99461E-05 0.0401577 0.00436532 9.99461E-05 9.99461E-05 9.99461E-05 1
4: 9.996E-05 0.00395074 0.802182 9.996E-05 0.0237601 0.12791 9.996E-05 9.996E-05 0.0213953 0.0204023 1
5: 0.851578 9.9946E-05 0.0100109 9.9946E-05 9.9946E-05 0.00245942 9.9946E-05 9.9946E-05 0.135352 9.9946E-05 1
6: 0.859285 9.9946E-05 0.0315451 9.9946E-05 9.9946E-05 9.9946E-05 9.9946E-05 9.9946E-05 0.0515286 0.0570412 1
7: 0.0124434 0.00796976 0.899691 9.99461E-05 9.99461E-05 0.0792966 9.99461E-05 9.99461E-05 9.99461E-05 9.99461E-05 1
8: 9.99201E-05 9.99201E-05 0.999101 9.99201E-05 9.99201E-05 9.99201E-05 9.99201E-05 9.99201E-05 9.99201E-05 9.99201E-05 1
9: 9.99281E-05 9.99281E-05 0.951096 9.99281E-05 9.99281E-05 0.0481045 9.99281E-05 9.99281E-05 9.99281E-05 9.99281E-05 1
10: 9.9928E-05 9.9928E-05 9.9928E-05 9.9928E-05 0.938852 9.9928E-05 9.9928E-05 9.9928E-05 9.9928E-05 0.0603485 1
11: 9.9946E-05 9.9946E-05 9.9946E-05 0.240109 0.0266618 9.9946E-05 0.547483 0.185146 9.9946E-05 9.9946E-05 1
12: 0.00165045 0.0405106 9.9982E-05 0.0523298 0.0701486 0.0188538 0.0243096 9.9982E-05 0.0081139 0.783883 1
13: 9.9928E-05 9.9928E-05 9.9928E-05 9.9928E-05 9.9928E-05 9.9928E-05 0.0150344 9.9928E-05 9.9928E-05 0.984166 1
14: 9.9946E-05 9.9946E-05 0.000215755 9.9946E-05 0.0915082 9.9946E-05 0.61803 9.9946E-05 9.9946E-05 0.289646 1
15: 9.99201E-05 9.99201E-05 9.99201E-05 9.99201E-05 9.99201E-05 9.99201E-05 9.99201E-05 9.99201E-05 0.999101 9.99201E-05 1
16: 9.99371E-05 9.99371E-05 0.938254 9.99371E-05 9.99371E-05 9.99371E-05 0.0300714 9.99371E-05 0.0309752 9.99371E-05 1
17: 9.99281E-05 9.99281E-05 0.988152 9.99281E-05 0.0110482 9.99281E-05 9.99281E-05 9.99281E-05 9.99281E-05 9.99281E-05 1
18: 9.99201E-05 9.99201E-05 0.999101 9.99201E-05 9.99201E-05 9.99201E-05 9.99201E-05 9.99201E-05 9.99201E-05 9.99201E-05 1
19: 9.99201E-05 9.99201E-05 0.999101 9.99201E-05 9.99201E-05 9.99201E-05 9.99201E-05 9.99201E-05 9.99201E-05 9.99201E-05 1
20: 0.0107292 9.99461E-05 0.887072 9.99461E-05 9.99461E-05 0.0771553 9.99461E-05 9.99461E-05 9.99461E-05 0.0244443 1
21: 9.99551E-05 9.99551E-05 0.862856 0.00408328 9.99551E-05 0.0864229 9.99551E-05 9.99551E-05 0.0428907 0.00324733 1
22: 0.02968 9.99461E-05 0.910305 9.99461E-05 9.99461E-05 0.0574645 9.99461E-05 9.99461E-05 0.0019505 9.99461E-05 1
23: 0.873125 9.995E-05 0.0203292 9.995E-05 0.0215152 9.995E-05 9.995E-05 0.0177956 0.0667348 9.995E-05 1
24: 9.9946E-05 0.90264 9.9946E-05 9.9946E-05 0.0365191 9.9946E-05 0.0451547 0.0150863 9.9946E-05 9.9946E-05 1
25: 0.987757 9.99371E-05 9.99371E-05 0.0112073 9.99371E-05 0.000336576 9.99371E-05 9.99371E-05 9.99371E-05 9.99371E-05 1
26: 9.99201E-05 9.99201E-05 9.99201E-05 9.99201E-05 9.99201E-05 0.999101 9.99201E-05 9.99201E-05 9.99201E-05 9.99201E-05 1
27: 0.999101 9.99201E-05 9.99201E-05 9.99201E-05 9.99201E-05 9.99201E-05 9.99201E-05 9.99201E-05 9.99201E-05 9.99201E-05 1
28: 0.999101 9.99201E-05 9.99201E-05 9.99201E-05 9.99201E-05 9.99201E-05 9.99201E-05 9.99201E-05 9.99201E-05 9.99201E-05 1
29: 0.999101 9.99201E-05 9.99201E-05 9.99201E-05 9.99201E-05 9.99201E-05 9.99201E-05 9.99201E-05 9.99201E-05 9.99201E-05 1
30: 0.956394 0.0163708 9.9946E-05 9.9946E-05 9.9946E-05 0.0106337 9.9946E-05 9.9946E-05 0.0160019 9.9946E-05 1
31: 0.988824 9.99371E-05 9.99371E-05 9.99371E-05 0.00146834 9.99371E-05 9.99371E-05 9.99371E-05 9.99371E-05 0.00900812 1
32: 0.999101 9.99201E-05 9.99201E-05 9.99201E-05 9.99201E-05 9.99201E-05 9.99201E-05 9.99201E-05 9.99201E-05 9.99201E-05 1
33: 9.99281E-05 9.99281E-05 9.99281E-05 0.00964335 9.99281E-05 0.989557 9.99281E-05 9.99281E-05 9.99281E-05 9.99281E-05 1
34: 0.0228137 0.614614 0.00891884 9.996E-05 0.307965 0.00754678 9.996E-05 0.0377421 9.996E-05 9.996E-05 1
35: 9.9946E-05 0.00182854 9.9946E-05 9.9946E-05 0.00498897 0.986677 9.9946E-05 0.00590562 9.9946E-05 9.9946E-05 1
36: 9.99281E-05 0.993998 0.00520264 9.99281E-05 9.99281E-05 9.99281E-05 9.99281E-05 9.99281E-05 9.99281E-05 9.99281E-05 1
37: 0.0187114 9.99371E-05 9.99371E-05 9.99371E-05 9.99371E-05 0.97072 9.99371E-05 9.99371E-05 0.00986899 9.99371E-05 1
38: 9.99461E-05 9.99461E-05 9.99461E-05 0.000181392 9.99461E-05 0.981621 9.99461E-05 0.00271666 0.0148817 9.99461E-05 1
39: 9.9928E-05 0.885756 9.9928E-05 9.9928E-05 9.9928E-05 9.9928E-05 9.9928E-05 9.9928E-05 9.9928E-05 0.113444 1
40: 9.9937E-05 0.708452 9.9937E-05 0.0231062 9.9937E-05 9.9937E-05 9.9937E-05 9.9937E-05 9.9937E-05 0.267743 1
41: 9.9946E-05 9.9946E-05 0.0490412 0.0098977 9.9946E-05 0.931327 9.9946E-05 9.9946E-05 0.00913427 9.9946E-05 1
42: 9.9937E-05 0.93113 9.9937E-05 9.9937E-05 9.9937E-05 9.9937E-05 9.9937E-05 9.9937E-05 0.00935157 0.0588185 1
43: 0.00696947 9.9946E-05 9.9946E-05 9.9946E-05 0.00469707 0.971986 9.9946E-05 9.9946E-05 0.0157475 9.9946E-05 1
44: 9.9946E-05 9.9946E-05 9.9946E-05 9.9946E-05 9.9946E-05 9.9946E-05 0.415219 0.497248 0.0240113 0.0629221 1
45: 0.0119676 9.9946E-05 9.9946E-05 0.350978 9.9946E-05 9.9946E-05 9.9946E-05 0.227412 9.9946E-05 0.409043 1
46: 9.9928E-05 9.9928E-05 9.9928E-05 0.41923 9.9928E-05 9.9928E-05 0.57997 9.9928E-05 9.9928E-05 9.9928E-05 1
47: 9.99461E-05 0.00709269 9.99461E-05 0.402831 9.99461E-05 9.99461E-05 0.586911 9.99461E-05 0.00256615 9.99461E-05 1
48: 9.9955E-05 9.9955E-05 9.9955E-05 0.143395 0.011105 9.9955E-05 0.17682 0.128995 9.9955E-05 0.539185 1
49: 9.9964E-05 0.066294 9.9964E-05 0.0828701 0.126276 9.9964E-05 0.0434075 0.0734675 9.9964E-05 0.607285 1
50: 9.99551E-05 0.148724 9.99551E-05 9.99551E-05 0.191935 9.99551E-05 0.435739 0.0830804 9.99551E-05 0.140023 1
51: 9.9946E-05 9.9946E-05 0.0305622 0.0534234 9.9946E-05 9.9946E-05 0.891092 0.0243228 9.9946E-05 9.9946E-05 1
52: 0.00378646 0.0761203 9.9964E-05 0.377997 9.9964E-05 9.9964E-05 0.335946 0.185712 0.0200377 9.9964E-05 1
53: 9.99461E-05 9.99461E-05 9.99461E-05 0.359168 0.072159 0.00947947 0.558594 9.99461E-05 9.99461E-05 9.99461E-05 1
54: 9.9955E-05 0.258129 9.9955E-05 0.0705673 9.9955E-05 9.9955E-05 0.389364 0.0829249 9.9955E-05 0.198515 1
55: 9.99201E-05 9.99201E-05 9.99201E-05 9.99201E-05 0.999101 9.99201E-05 9.99201E-05 9.99201E-05 9.99201E-05 9.99201E-05 1
56: 9.9937E-05 9.9937E-05 9.9937E-05 9.9937E-05 0.00351111 9.9937E-05 0.953743 0.0420461 9.9937E-05 9.9937E-05 1
57: 9.9946E-05 0.0132797 9.9946E-05 9.9946E-05 0.184712 9.9946E-05 0.704256 9.9946E-05 9.9946E-05 0.0971525 1
58: 9.99201E-05 9.99201E-05 9.99201E-05 9.99201E-05 9.99201E-05 0.999101 9.99201E-05 9.99201E-05 9.99201E-05 9.99201E-05 1
59: 9.99282E-05 9.99282E-05 0.0520747 9.99282E-05 9.99282E-05 0.947126 9.99282E-05 9.99282E-05 9.99282E-05 9.99282E-05 1
60: 9.9964E-05 0.00294124 0.0182332 0.00393628 9.9964E-05 0.947001 9.9964E-05 0.0139072 9.9964E-05 0.0135808 1
61: 9.99281E-05 9.99281E-05 9.99281E-05 9.99281E-05 9.99281E-05 9.99281E-05 0.975821 9.99281E-05 9.99281E-05 0.0233796 1
62: 9.9955E-05 0.00510979 9.9955E-05 0.0976742 9.9955E-05 0.0153224 9.9955E-05 0.000505167 9.9955E-05 0.880889 1
63: 9.99201E-05 9.99201E-05 9.99201E-05 0.999101 9.99201E-05 9.99201E-05 9.99201E-05 9.99201E-05 9.99201E-05 9.99201E-05 1
64: 9.99201E-05 9.99201E-05 9.99201E-05 0.999101 9.99201E-05 9.99201E-05 9.99201E-05 9.99201E-05 9.99201E-05 9.99201E-05 1
65: 9.9946E-05 9.9946E-05 0.00105556 9.9946E-05 9.9946E-05 9.9946E-05 0.387335 0.0353594 9.9946E-05 0.575651 1
66: 9.9955E-05 0.0450212 9.9955E-05 9.9955E-05 0.123928 9.9955E-05 0.330647 0.0231818 9.9955E-05 0.476722 1
67: 9.9973E-05 9.9973E-05 0.00244515 0.155931 0.034417 9.9973E-05 0.587811 0.0287252 0.00547264 0.184898 1
68: 9.9928E-05 9.9928E-05 9.9928E-05 9.9928E-05 0.912373 9.9928E-05 9.9928E-05 9.9928E-05 9.9928E-05 0.0868274 1
69: 9.9928E-05 9.9928E-05 9.9928E-05 9.9928E-05 0.321618 9.9928E-05 9.9928E-05 9.9928E-05 9.9928E-05 0.677583 1
70: 9.99201E-05 9.99201E-05 9.99201E-05 9.99201E-05 9.99201E-05 9.99201E-05 9.99201E-05 0.999101 9.99201E-05 9.99201E-05 1
71: 9.9964E-05 0.0341207 9.9964E-05 0.106138 0.0110332 0.0112018 0.737432 0.0996746 9.9964E-05 9.9964E-05 1
72: 0.0216821 0.113306 9.9973E-05 0.0297297 0.43432 9.9973E-05 0.0594414 9.9973E-05 0.0123076 0.328914 1
73: 9.9946E-05 0.0803334 9.9946E-05 9.9946E-05 9.9946E-05 9.9946E-05 0.563701 0.0452075 9.9946E-05 0.310159 1
74: 9.994E-05 9.994E-05 9.994E-05 0.11018 0.439417 9.994E-05 0.342374 9.994E-05 9.994E-05 0.107428 1
75: 9.9946E-05 0.139487 9.9946E-05 9.9946E-05 0.46047 9.9946E-05 0.128562 9.9946E-05 9.9946E-05 0.270882 1
76: 9.9928E-05 9.9928E-05 0.00271515 9.9928E-05 9.9928E-05 9.9928E-05 9.9928E-05 9.9928E-05 9.9928E-05 0.996485 1
77: 0.00033077 0.117613 9.9982E-05 0.0282839 0.21883 0.0207133 0.0220935 0.0589065 9.9982E-05 0.533029 1
78: 9.9973E-05 0.123989 9.9973E-05 0.0687324 0.157048 0.0062442 0.179433 0.0715512 9.9973E-05 0.392702 1
79: 0.00465337 0.129914 9.9946E-05 9.9946E-05 0.0160352 9.9946E-05 9.9946E-05 9.9946E-05 9.9946E-05 0.848798 1
80: 9.99281E-05 9.99281E-05 9.99281E-05 9.99281E-05 9.99281E-05 0.0270546 9.99281E-05 9.99281E-05 9.99281E-05 0.972146 1
81: 9.993E-05 9.993E-05 9.993E-05 9.993E-05 9.993E-05 9.993E-05 0.33872 0.344069 9.993E-05 0.316511 1
82: 9.9964E-05 0.030247 0.0115757 0.178759 0.000724341 9.9964E-05 0.103018 0.675276 9.9964E-05 9.9964E-05 1
83: 9.9964E-05 0.154026 9.9964E-05 0.261317 0.294273 9.9964E-05 0.0511353 0.199931 9.9964E-05 0.0389191 1
84: 0.0190363 0.0533104 0.0014657 9.9955E-05 0.29601 9.9955E-05 9.9955E-05 0.629678 9.9955E-05 9.9955E-05 1
85: 9.9955E-05 0.024873 0.0107014 0.521071 9.9955E-05 9.9955E-05 0.313142 9.9955E-05 9.9955E-05 0.129713 1
86: 9.9946E-05 0.137515 9.9946E-05 0.268145 9.9946E-05 9.9946E-05 9.9946E-05 0.34334 9.9946E-05 0.250401 1
87: 0.00287156 0.0757056 9.9973E-05 0.0193614 0.0525983 9.9973E-05 0.290922 0.0127872 9.9973E-05 0.545454 1
88: 9.99371E-05 0.10755 9.99371E-05 9.99371E-05 9.99371E-05 9.99371E-05 0.341609 0.550142 9.99371E-05 9.99371E-05 1
89: 9.9955E-05 9.9955E-05 0.0107939 9.9955E-05 9.9955E-05 0.0209925 0.489898 0.0707433 9.9955E-05 0.407072 1
90: 9.99281E-05 9.99281E-05 9.99281E-05 9.99281E-05 9.99281E-05 9.99281E-05 9.99281E-05 0.614383 9.99281E-05 0.384818 1
91: 0.0137338 9.9946E-05 9.9946E-05 9.9946E-05 0.435396 9.9946E-05 9.9946E-05 0.54808 0.00219111 9.9946E-05 1
92: 9.99201E-05 9.99201E-05 9.99201E-05 9.99201E-05 9.99201E-05 9.99201E-05 9.99201E-05 0.999101 9.99201E-05 9.99201E-05 1
93: 9.9964E-05 0.103155 9.9964E-05 0.15396 0.00333087 9.9964E-05 0.0211512 0.22862 9.9964E-05 0.489383 1
94: 9.9973E-05 0.0387555 9.9973E-05 0.0518939 0.0229055 9.9973E-05 0.535463 0.0779863 0.00939554 0.2633 1
95: 0.0060395 0.0670547 9.9955E-05 9.9955E-05 9.9955E-05 9.9955E-05 0.779101 0.110144 9.9955E-05 0.0371609 1
96: 9.9955E-05 9.9955E-05 9.9955E-05 0.204311 0.137593 9.9955E-05 0.092053 0.466209 9.9955E-05 0.0993345 1
97: 9.9937E-05 0.0556693 9.9937E-05 9.9937E-05 9.9937E-05 9.9937E-05 9.9937E-05 0.544553 9.9937E-05 0.399078 1
98: 0.00203626 0.0436923 9.9973E-05 0.0402621 0.217819 9.9973E-05 0.00783718 0.257949 9.9973E-05 0.430105 1
99: 0.00550299 9.9964E-05 0.00528541 0.195923 0.0123127 9.9964E-05 0.662497 0.118079 9.9964E-05 9.9964E-05 1
100: 9.99371E-05 9.99371E-05 0.066687 9.99371E-05 9.99371E-05 0.927751 9.99371E-05 9.99371E-05 9.99371E-05 0.00486212 1
101: 9.9937E-05 9.9937E-05 0.0111873 9.9937E-05 0.00770571 0.980407 9.9937E-05 9.9937E-05 9.9937E-05 9.9937E-05 1
102: 9.99201E-05 9.99201E-05 9.99201E-05 9.99201E-05 9.99201E-05 0.999101 9.99201E-05 9.99201E-05 9.99201E-05 9.99201E-05 1
103: 0.00778057 9.99551E-05 0.0224545 9.99551E-05 9.99551E-05 0.964353 0.00384873 9.99551E-05 9.99551E-05 0.0010631 1
104: 9.99281E-05 9.99281E-05 9.99281E-05 9.99281E-05 9.99281E-05 0.996347 9.99281E-05 9.99281E-05 0.00285338 9.99281E-05 1
105: 9.9937E-05 0.00626272 9.9937E-05 9.9937E-05 9.9937E-05 0.987731 9.9937E-05 9.9937E-05 0.00530692 9.9937E-05 1
106: 0.631511 9.99461E-05 9.99461E-05 0.0660839 9.99461E-05 0.012084 9.99461E-05 9.99461E-05 0.289722 9.99461E-05 1
107: 9.99201E-05 9.99201E-05 9.99201E-05 9.99201E-05 9.99201E-05 0.999101 9.99201E-05 9.99201E-05 9.99201E-05 9.99201E-05 1
108: 0.000790498 9.9955E-05 0.0481071 9.9955E-05 0.00121412 0.927513 9.9955E-05 9.9955E-05 0.0218753 9.9955E-05 1
109: 9.99371E-05 9.99371E-05 9.99371E-05 0.0164089 0.00145718 0.981434 9.99371E-05 9.99371E-05 9.99371E-05 9.99371E-05 1
110: 0.00478646 9.99371E-05 0.046486 9.99371E-05 9.99371E-05 0.948028 9.99371E-05 9.99371E-05 9.99371E-05 9.99371E-05 1
111: 9.9973E-05 0.565609 0.037316 0.0366431 0.323383 0.000617132 9.9973E-05 0.0327732 9.9973E-05 0.00335846 1
112: 9.99201E-05 9.99201E-05 0.999101 9.99201E-05 9.99201E-05 9.99201E-05 9.99201E-05 9.99201E-05 9.99201E-05 9.99201E-05 1
113: 0.180205 9.9928E-05 9.9928E-05 9.9928E-05 9.9928E-05 9.9928E-05 9.9928E-05 9.9928E-05 0.818996 9.9928E-05 1
