1: 9.9982E-05 0.00954118 0.0185229 0.163515 0.808221 9.9982E-05 1
2: 9.996E-05 9.996E-05 9.996E-05 9.996E-05 0.9995 9.996E-05 1
3: 9.9973E-05 0.0132135 9.9973E-05 0.0666502 0.919836 9.9973E-05 1
4: 9.9973E-05 9.9973E-05 0.0437125 0.17362 0.782368 9.9973E-05 1
5: 9.9973E-05 0.968664 9.9973E-05 0.0237896 0.00724609 9.9973E-05 1
6: 9.998E-05 0.950154 0.00554376 9.998E-05 0.0178871 0.0262153 1
7: 9.998E-05 0.0235705 9.998E-05 0.0952954 0.872362 0.00857197 1
8: 9.996E-05 9.996E-05 9.996E-05 9.996E-05 0.9995 9.996E-05 1
9: 9.9964E-05 9.9964E-05 9.9964E-05 0.0446682 0.954932 9.9964E-05 1
10: 0.137701 9.9964E-05 0.861899 9.9964E-05 9.9964E-05 9.9964E-05 1
11: 0.779924 9.9973E-05 0.00332547 9.9973E-05 9.9973E-05 0.21645 1
12: 0.0534059 0.0146364 0.921591 9.9982E-05 0.0101668 9.9982E-05 1
13: 0.0229223 9.9964E-05 0.976678 9.9964E-05 9.9964E-05 9.9964E-05 1
14: 0.625378 9.9973E-05 0.328177 9.9973E-05 9.9973E-05 0.0461449 1
15: 0.15415 0.607077 9.997E-05 9.997E-05 0.238472 9.997E-05 1
16: 0.058635 9.9973E-05 9.9973E-05 0.0177464 0.923319 9.9973E-05 1
17: 9.996E-05 9.996E-05 0.0226179 9.996E-05 0.976982 9.996E-05 1
18: 9.996E-05 9.996E-05 9.996E-05 9.996E-05 0.9995 9.996E-05 1
19: 9.996E-05 9.996E-05 9.996E-05 9.996E-05 0.9995 9.996E-05 1
20: 9.998E-05 0.0197404 9.998E-05 0.0633483 0.905676 0.0110356 1
21: 0.0284628 0.00530518 9.9982E-05 0.117267 0.848765 9.9982E-05 1
22: 9.9973E-05 0.0179058 9.9973E-05 0.0532766 0.928518 9.9973E-05 1
23: 0.0101329 0.960164 0.00301513 9.9982E-05 0.0264883 9.9982E-05 1
24: 9.9973E-05 9.9973E-05 0.905082 0.031605 9.9973E-05 0.063013 1
25: 9.9964E-05 0.99351 9.9964E-05 9.9964E-05 9.9964E-05 0.00609018 1
26: 9.996E-05 9.996E-05 9.996E-05 0.9995 9.996E-05 9.996E-05 1
27: 9.996E-05 0.9995 9.996E-05 9.996E-05 9.996E-05 9.996E-05 1
28: 9.996E-05 0.9995 9.996E-05 9.996E-05 9.996E-05 9.996E-05 1
29: 9.996E-05 0.9995 9.996E-05 9.996E-05 9.996E-05 9.996E-05 1
30: 9.997E-05 0.974666 0.00737548 0.0176581 9.997E-05 9.997E-05 1
31: 0.0088967 0.990703 9.9964E-05 9.9964E-05 9.9964E-05 9.9964E-05 1
32: 9.996E-05 0.9995 9.996E-05 9.996E-05 9.996E-05 9.996E-05 1
33: 9.9964E-05 9.9964E-05 0.0166081 0.982992 9.9964E-05 9.9964E-05 1
34: 9.9991E-05 0.0530058 0.86471 0.00252198 0.0016267 0.0780358 1
35: 9.9973E-05 0.00415341 9.9973E-05 0.985309 0.0102376 9.9973E-05 1
36: 0.0490371 9.999E-05 0.882757 0.00942765 0.027227 0.031451 1
37: 9.997E-05 0.0213615 9.997E-05 0.968698 9.997E-05 0.0096407 1
38: 9.997E-05 0.0130646 0.00388417 0.982751 9.997E-05 9.997E-05 1
39: 9.996E-05 9.996E-05 0.9995 9.996E-05 9.996E-05 9.996E-05 1
40: 9.9982E-05 9.9982E-05 0.926258 0.00938624 0.00301797 0.0611377 1
41: 0.0164083 0.00858616 9.998E-05 0.937066 0.0377398 9.998E-05 1
42: 9.998E-05 0.00751606 0.944161 9.998E-05 0.0136474 0.0344757 1
43: 9.998E-05 0.0157173 0.00349103 0.976435 9.998E-05 0.00415668 1
44: 0.476275 0.0137458 0.0105475 9.9982E-05 9.9982E-05 0.499232 1
45: 0.106134 0.0342046 0.514283 9.9982E-05 9.9982E-05 0.345179 1
46: 0.994093 9.9973E-05 9.9973E-05 0.000505805 0.00510142 9.9973E-05 1
47: 0.950143 9.9982E-05 0.0437021 0.00579756 9.9982E-05 0.000157142 1
48: 0.300644 9.9973E-05 0.605938 9.9973E-05 9.9973E-05 0.0931183 1
49: 0.170408 9.9973E-05 0.797338 9.9973E-05 9.9973E-05 0.0319543 1
50: 0.471066 9.998E-05 0.438744 0.0152586 9.998E-05 0.074731 1
51: 0.920401 9.997E-05 9.997E-05 9.997E-05 0.0135347 0.0657647 1
52: 0.749363 0.0108143 0.0390148 9.999E-05 0.0176337 0.183075 1
53: 0.894168 9.9964E-05 0.105433 9.9964E-05 9.9964E-05 9.9964E-05 1
54: 0.449718 9.9973E-05 0.430179 9.9973E-05 9.9973E-05 0.119803 1
55: 0.184865 9.9973E-05 0.724686 9.9973E-05 9.9973E-05 0.0901489 1
56: 0.915748 9.9964E-05 9.9964E-05 9.9964E-05 9.9964E-05 0.0838523 1
57: 0.623111 9.998E-05 0.344743 0.00596922 9.998E-05 0.0259775 1
58: 9.996E-05 9.996E-05 9.996E-05 0.9995 9.996E-05 9.996E-05 1
59: 0.000522508 0.00631845 9.9982E-05 0.9635 0.0294594 9.9982E-05 1
60: 0.0403153 0.000907675 9.998E-05 0.925041 0.0335359 9.998E-05 1
61: 0.900527 9.9964E-05 9.9964E-05 9.9964E-05 9.9964E-05 0.0990731 1
62: 9.9973E-05 9.9973E-05 0.910943 0.0144217 9.9973E-05 0.0743355 1
63: 0.551399 9.9982E-05 0.240196 0.0188388 9.9982E-05 0.189365 1
64: 0.628511 9.9982E-05 0.279437 0.0163059 9.9982E-05 0.0755466 1
65: 0.350772 9.9973E-05 0.577339 9.9973E-05 9.9973E-05 0.0715891 1
66: 0.307891 9.9973E-05 0.601185 9.9973E-05 9.9973E-05 0.0906236 1
67: 0.807964 9.999E-05 0.149287 0.0214095 0.00567779 0.015561 1
68: 0.0421086 9.9973E-05 0.946671 9.9973E-05 9.9973E-05 0.0109203 1
69: 9.996E-05 9.996E-05 0.9995 9.996E-05 9.996E-05 9.996E-05 1
70: 9.996E-05 9.996E-05 9.996E-05 9.996E-05 9.996E-05 0.9995 1
71: 0.858873 9.9973E-05 9.9973E-05 9.9973E-05 0.00502917 0.135798 1
72: 0.178769 0.0203998 0.75917 0.0414609 9.998E-05 9.998E-05 1
73: 0.469307 0.00333489 0.41247 9.9982E-05 9.9982E-05 0.114688 1
74: 0.559508 9.9964E-05 0.440092 9.9964E-05 9.9964E-05 9.9964E-05 1
75: 0.249647 9.996E-05 0.749954 9.996E-05 9.996E-05 9.996E-05 1
76: 9.9964E-05 9.9964E-05 0.994885 9.9964E-05 0.00471486 9.9964E-05 1
77: 0.0407807 9.9982E-05 0.838907 0.0165256 9.9982E-05 0.103586 1
78: 0.283924 9.998E-05 0.631421 0.0252386 9.998E-05 0.0592164 1
79: 9.996E-05 9.996E-05 0.9995 9.996E-05 9.996E-05 9.996E-05 1
80: 0.0475506 0.00936235 0.92218 0.0183342 9.999E-05 0.00247309 1
81: 0.392277 9.9973E-05 0.253035 9.9973E-05 9.9973E-05 0.354388 1
82: 0.222531 9.998E-05 0.029802 9.998E-05 0.0422253 0.705242 1
83: 0.31236 9.997E-05 0.499675 9.997E-05 9.997E-05 0.187665 1
84: 9.998E-05 0.00887251 0.279074 9.998E-05 0.0301836 0.68167 1
85: 0.776891 9.997E-05 0.209671 9.997E-05 0.0131382 9.997E-05 1
86: 0.147018 0.00188004 0.42402 9.999E-05 0.0176345 0.409348 1
87: 0.299284 0.00118037 0.657784 9.998E-05 9.998E-05 0.0415511 1
88: 0.340518 9.997E-05 0.0557937 9.997E-05 9.997E-05 0.603388 1
89: 0.418758 9.999E-05 0.460321 0.00362148 0.0129741 0.104225 1
90: 9.9964E-05 9.9964E-05 0.408712 9.9964E-05 9.9964E-05 0.590888 1
91: 0.0558135 0.0128517 0.304207 9.9982E-05 9.9982E-05 0.626928 1
92: 9.996E-05 9.996E-05 9.996E-05 9.996E-05 9.996E-05 0.9995 1
93: 0.0866039 9.998E-05 0.672952 9.998E-05 0.0109839 0.22926 1
94: 0.574372 0.00256322 0.304642 9.9982E-05 9.9982E-05 0.118224 1
95: 0.682143 0.0134972 0.0859102 9.9982E-05 9.9982E-05 0.21825 1
96: 0.243328 9.997E-05 0.302101 9.997E-05 9.997E-05 0.454271 1
97: 9.9964E-05 9.9964E-05 0.414053 9.9964E-05 9.9964E-05 0.585548 1
98: 0.0884396 9.9973E-05 0.640604 9.9973E-05 9.9973E-05 0.270656 1
99: 0.747859 0.00154039 9.999E-05 0.0149147 0.00208027 0.233505 1
100: 9.997E-05 9.997E-05 0.000738366 0.949585 0.0493771 9.997E-05 1
101: 9.9964E-05 9.9964E-05 9.9964E-05 0.99053 9.9964E-05 0.00906971 1
102: 9.9964E-05 9.9964E-05 9.9964E-05 0.999064 9.9964E-05 0.000535796 1
103: 9.99641E-05 9.99641E-05 9.99641E-05 0.955478 0.044122 9.99641E-05 1
104: 9.996E-05 9.996E-05 9.996E-05 0.9995 9.996E-05 9.996E-05 1
105: 9.996E-05 9.996E-05 9.996E-05 0.9995 9.996E-05 9.996E-05 1
106: 0.0508644 0.871714 0.0263538 0.032927 0.0180409 9.999E-05 1
107: 9.996E-05 9.996E-05 9.996E-05 0.9995 9.996E-05 9.996E-05 1
108: 9.9964E-05 9.9964E-05 9.9964E-05 0.965845 0.0337554 9.9964E-05 1
109: 9.9964E-05 9.9964E-05 9.9964E-05 0.9834 0.0162003 9.9964E-05 1
110: 9.9973E-05 0.00291733 9.9973E-05 0.940547 0.0562357 9.9973E-05 1
111: 0.112276 9.999E-05 0.813451 0.00618876 0.0340923 0.0338922 1
112: 9.996E-05 9.996E-05 9.996E-05 9.996E-05 0.9995 9.996E-05 1
113: 0.0219087 0.809299 9.999E-05 0.0269176 0.101458 0.0403166 1
114: 9.9964E-05 0.982845 9.9964E-05 0.0167554 9.9964E-05 9.9964E-05 1
115: 9.9964E-05 0.0005194 9.9964E-05 9.9964E-05 0.999081 9.9964E-05 1
116: 9.9973E-05 0.0176962 9.9973E-05 0.0419706 0.940033 9.9973E-05 1
117: 0.0544946 0.0144915 9.998E-05 0.0183053 0.912509 9.998E-05 1
118: 9.9982E-05 0.0212465 9.9982E-05 0.0913883 0.879108 0.00805689 1
119: 9.9964E-05 0.974204 9.9964E-05 9.9964E-05 0.025396 9.9964E-05 1

1: 9.9982E-05 0.00337646 0.206975 0.0122959 9.9982E-05 0.777153 1
2: 9.996E-05 9.996E-05 9.996E-05 9.996E-05 9.996E-05 0.9995 1
3: 0.00902323 9.9973E-05 0.05198 9.9973E-05 9.9973E-05 0.938697 1
4: 0.0038337 0.0125064 0.141976 0.0424737 9.9991E-05 0.79911 1
5: 0.97861 9.9964E-05 0.0209904 9.9964E-05 9.9964E-05 9.9964E-05 1
6: 0.942438 9.9982E-05 9.9982E-05 0.00642489 0.0220601 0.0288775 1
7: 0.0205864 0.00285823 0.0487544 9.9982E-05 9.9982E-05 0.927601 1
8: 9.996E-05 9.996E-05 9.996E-05 9.996E-05 9.996E-05 0.9995 1
9: 9.9964E-05 9.9964E-05 0.0259344 9.9964E-05 9.9964E-05 0.973666 1
10: 9.9964E-05 9.9964E-05 9.9964E-05 0.814002 0.185598 9.9964E-05 1
11: 9.9964E-05 0.172827 9.9964E-05 9.9964E-05 0.826773 9.9964E-05 1
12: 0.0211512 9.9973E-05 9.9973E-05 0.795923 0.182626 9.9973E-05 1
13: 9.9973E-05 9.9973E-05 0.000615225 0.97853 0.0205548 9.9973E-05 1
14: 9.998E-05 0.0331986 9.998E-05 0.298728 0.649772 0.0181017 1
15: 0.629093 9.9982E-05 9.9982E-05 0.0288452 0.130266 0.211596 1
16: 0.014845 9.9982E-05 0.0287657 9.9982E-05 0.0462944 0.909895 1
17: 9.99641E-05 0.0164104 9.99641E-05 9.99641E-05 9.99641E-05 0.98319 1
18: 9.996E-05 9.996E-05 9.996E-05 9.996E-05 9.996E-05 0.9995 1
19: 9.996E-05 9.996E-05 9.996E-05 9.996E-05 9.996E-05 0.9995 1
20: 0.0325081 9.9982E-05 0.0480737 0.0124116 9.9982E-05 0.906807 1
21: 0.0293254 9.9982E-05 0.0933645 9.9982E-05 0.00932142 0.867789 1
22: 9.9973E-05 9.9973E-05 0.029624 0.00979442 9.9973E-05 0.960282 1
23: 0.93938 9.9973E-05 9.9973E-05 9.9973E-05 0.0222082 0.0381117 1
24: 9.9982E-05 0.0168645 0.0215963 0.915708 0.0456314 9.9982E-05 1
25: 0.9995 9.996E-05 9.996E-05 9.996E-05 9.996E-05 9.996E-05 1
26: 9.996E-05 9.996E-05 0.9995 9.996E-05 9.996E-05 9.996E-05 1
27: 0.9995 9.996E-05 9.996E-05 9.996E-05 9.996E-05 9.996E-05 1
28: 0.9995 9.996E-05 9.996E-05 9.996E-05 9.996E-05 9.996E-05 1
29: 0.9995 9.996E-05 9.996E-05 9.996E-05 9.996E-05 9.996E-05 1
30: 0.983173 9.99711E-05 0.0164274 9.99711E-05 9.99711E-05 9.99711E-05 1
31: 0.974676 9.9964E-05 9.9964E-05 0.0249239 9.9964E-05 9.9964E-05 1
32: 0.9995 9.996E-05 9.996E-05 9.996E-05 9.996E-05 9.996E-05 1
33: 0.00752193 9.9973E-05 0.971203 0.0209747 9.9973E-05 9.9973E-05 1
34: 0.0407197 0.105127 0.0159489 0.835724 9.9991E-05 0.00238065 1
35: 9.996E-05 9.996E-05 0.9995 9.996E-05 9.996E-05 9.996E-05 1
36: 0.00869677 0.0551671 0.0119075 0.911889 9.9991E-05 0.0122396 1
37: 0.00954353 0.0205855 0.969571 9.9973E-05 9.9973E-05 9.9973E-05 1
38: 0.0124812 9.9964E-05 0.987119 9.9964E-05 9.9964E-05 9.9964E-05 1
39: 0.00524268 9.9964E-05 9.9964E-05 0.994357 9.9964E-05 9.9964E-05 1
40: 9.9973E-05 0.0288586 0.000447999 0.970394 9.9973E-05 9.9973E-05 1
41: 0.0112168 0.0124188 0.948233 9.9991E-05 0.00869299 0.0193386 1
42: 0.0242344 0.0363881 0.0104717 0.928706 9.9982E-05 9.9982E-05 1
43: 0.0173689 0.00522245 0.977109 9.9973E-05 9.9973E-05 9.9973E-05 1
44: 0.0199048 0.457069 9.9973E-05 9.9973E-05 0.522726 9.9973E-05 1
45: 0.00692457 0.347876 9.9982E-05 0.50658 0.13842 9.9982E-05 1
46: 0.00418195 9.9973E-05 9.9973E-05 9.9973E-05 0.978095 0.0174228 1
47: 0.00523141 0.062133 0.00531578 0.0511034 0.872581 0.00363551 1
48: 9.9973E-05 0.10762 9.9973E-05 0.60047 0.29161 9.9973E-05 1
49: 9.997E-05 0.0176422 9.997E-05 0.760148 0.221909 9.997E-05 1
50: 9.998E-05 0.0909092 0.00378156 0.430021 0.475089 9.998E-05 1
51: 9.9973E-05 0.0276024 9.9973E-05 9.9973E-05 0.956195 0.0159022 1
52: 0.0136614 0.194404 9.9991E-05 0.010867 0.767183 0.0137845 1
53: 0.00276716 9.9991E-05 0.00347168 0.0751574 0.918399 0.000104697 1
54: 9.9973E-05 0.0960151 9.9973E-05 0.469795 0.43389 9.9973E-05 1
55: 0.00212161 0.0740924 9.9982E-05 0.702333 0.221253 9.9982E-05 1
56: 0.00229584 0.0796085 9.9973E-05 9.9973E-05 0.917796 9.9973E-05 1
57: 9.9973E-05 0.0271765 9.9973E-05 0.325951 0.646573 9.9973E-05 1
58: 9.9964E-05 9.9964E-05 0.996755 0.00284537 9.9964E-05 9.9964E-05 1
59: 0.00801521 9.9982E-05 0.960715 0.000752573 9.9982E-05 0.0303177 1
60: 9.9982E-05 9.9982E-05 0.972796 0.00518737 0.0171811 0.00463517 1
61: 9.9964E-05 0.00929742 9.9964E-05 9.9964E-05 0.990303 9.9964E-05 1
62: 0.0011966 0.0263159 9.9991E-05 0.907445 0.0644777 0.0004646 1
63: 9.998E-05 0.250671 0.0172312 0.296982 0.434917 9.998E-05 1
64: 9.9991E-05 0.120393 0.00363328 0.346099 0.520572 0.00920282 1
65: 9.9982E-05 0.0338363 9.9982E-05 0.567429 0.393711 0.00482396 1
66: 9.9964E-05 9.9964E-05 9.9964E-05 0.61049 0.38911 9.9964E-05 1
67: 9.999E-05 0.084335 0.0109426 0.221092 0.683132 0.000397843 1
68: 9.9964E-05 9.9964E-05 9.9964E-05 0.875681 0.123919 9.9964E-05 1
69: 9.996E-05 9.996E-05 9.996E-05 0.9995 9.996E-05 9.996E-05 1
70: 9.996E-05 0.9995 9.996E-05 9.996E-05 9.996E-05 9.996E-05 1
71: 9.997E-05 0.130094 0.0109725 9.997E-05 0.858633 9.997E-05 1
72: 0.0114678 9.9991E-05 0.00157857 0.757689 0.200603 0.0285622 1
73: 0.00110407 0.0422043 9.9982E-05 0.423754 0.532737 9.9982E-05 1
74: 9.9964E-05 9.9964E-05 9.9964E-05 0.424575 0.575025 9.9964E-05 1
75: 9.9964E-05 9.9964E-05 9.9964E-05 0.741515 0.258085 9.9964E-05 1
76: 9.9973E-05 0.0138499 9.9973E-05 0.979472 9.9973E-05 0.00637766 1
77: 9.9991E-05 0.0686856 0.00329718 0.799218 0.116502 0.0121968 1
78: 9.998E-05 0.0971371 0.0300715 0.556281 0.31631 9.998E-05 1
79: 0.0170357 9.9964E-05 9.9964E-05 0.982564 9.9964E-05 9.9964E-05 1
80: 9.9982E-05 0.000299662 0.0344935 0.955257 0.00975031 9.9982E-05 1
81: 9.9973E-05 0.351954 9.9973E-05 0.241234 0.406512 9.9973E-05 1
82: 9.9982E-05 0.735472 0.0225037 0.0307998 0.211024 9.9982E-05 1
83: 9.9973E-05 0.275444 9.9973E-05 0.525333 0.198923 9.9973E-05 1
84: 0.014887 0.676155 9.9982E-05 0.302789 9.9982E-05 0.00596845 1
85: 9.9973E-05 9.9973E-05 9.9973E-05 0.248669 0.741208 0.00982267 1
86: 9.9982E-05 0.486791 9.9982E-05 0.422509 0.0709694 0.0195302 1
87: 0.0251355 0.000971208 9.9982E-05 0.648502 0.325191 9.9982E-05 1
88: 9.9973E-05 0.629241 9.9973E-05 0.0601086 0.31035 9.9973E-05 1
89: 0.00585212 0.0926601 9.9991E-05 0.367774 0.523937 0.00967754 1
90: 9.9964E-05 0.655269 9.9964E-05 0.344331 9.9964E-05 9.9964E-05 1
91: 0.00250641 0.613114 0.0235105 0.273104 0.0876648 9.9991E-05 1
92: 9.996E-05 0.9995 9.996E-05 9.996E-05 9.996E-05 9.996E-05 1
93: 0.0104228 0.277961 9.9991E-05 0.635042 0.0759454 0.00052894 1
94: 0.00667103 0.104093 9.9982E-05 0.304546 0.58449 9.9982E-05 1
95: 0.0103732 0.173924 0.00416093 0.0499848 0.761457 9.9991E-05 1
96: 9.9973E-05 0.436265 9.9973E-05 0.322001 0.241434 9.9973E-05 1
97: 9.9973E-05 0.567607 0.00439988 0.427693 9.9973E-05 9.9973E-05 1
98: 0.0244128 0.227499 9.9982E-05 0.676166 0.0717219 9.9982E-05 1
99: 0.00873257 0.144891 0.0119998 9.999E-05 0.832915 0.00136173 1
100: 9.9973E-05 9.9973E-05 0.91148 0.011927 9.9973E-05 0.0762931 1
101: 9.9964E-05 0.0120705 0.98753 9.9964E-05 9.9964E-05 9.9964E-05 1
102: 9.996E-05 9.996E-05 0.9995 9.996E-05 9.996E-05 9.996E-05 1
103: 9.99641E-05 9.99641E-05 0.95647 9.99641E-05 9.99641E-05 0.0431299 1
104: 9.996E-05 9.996E-05 0.9995 9.996E-05 9.996E-05 9.996E-05 1
105: 0.00427471 9.9973E-05 0.988744 0.00668133 9.9973E-05 9.9973E-05 1
106: 0.860902 9.999E-05 0.0206498 0.022532 0.0525563 0.0432594 1
107: 9.996E-05 9.996E-05 0.9995 9.996E-05 9.996E-05 9.996E-05 1
108: 9.9973E-05 0.0130593 0.945475 9.9973E-05 9.9973E-05 0.041166 1
109: 0.00696769 9.9973E-05 0.984868 9.9973E-05 9.9973E-05 0.00786453 1
110: 0.00336421 9.9973E-05 0.967319 9.9973E-05 9.9973E-05 0.0290168 1
111: 9.9982E-05 0.132759 9.9982E-05 0.793981 0.0297437 0.0433164 1
112: 9.996E-05 9.996E-05 9.996E-05 9.996E-05 9.996E-05 0.9995 1
113: 0.810612 0.0563876 0.0253005 9.9982E-05 9.9982E-05 0.1075 1
114: 0.976198 9.9964E-05 0.0234017 9.9964E-05 9.9964E-05 9.9964E-05 1
115: 9.9964E-05 9.9964E-05 0.0150062 9.9964E-05 9.9964E-05 0.984594 1
116: 9.9964E-05 9.9964E-05 0.0486141 9.9964E-05 9.9964E-05 0.950986 1
117: 0.00213514 9.9991E-05 0.0281704 0.0094905 0.0413445 0.918759 1
118: 0.0343085 0.010444 0.0604422 0.0231704 9.9991E-05 0.871535 1
119: 0.980173 9.9973E-05 0.00152835 9.9973E-05 9.9973E-05 0.0179988 1

1: 9.9973E-05 9.9973E-05 9.9973E-05 0.941466 0.0212775 0.0369565 1
2: 0.00820822 9.9973E-05 9.9973E-05 0.963858 9.9973E-05 0.0276335 1
3: 9.997E-05 9.997E-05 9.997E-05 0.922704 0.0130599 0.0639357 1
4: 9.9973E-05 9.9973E-05 9.9973E-05 0.919177 0.0585037 0.022019 1
5: 9.9973E-05 9.9973E-05 9.9973E-05 0.0475198 0.0012956 0.950885 1
6: 0.00135763 0.0341332 9.9982E-05 9.9982E-05 0.0213447 0.942964 1
7: 9.9982E-05 0.0185962 0.0136582 0.908359 9.9982E-05 0.0591862 1
8: 9.9973E-05 9.9973E-05 9.9973E-05 0.973759 0.0018892 0.0240514 1
9: 0.00052957 9.9982E-05 0.0303701 0.946821 9.9982E-05 0.0220791 1
10: 0.134007 9.9964E-05 9.9964E-05 9.9964E-05 0.865593 9.9964E-05 1
11: 0.781044 0.160865 0.0577915 9.9973E-05 9.9973E-05 9.9973E-05 1
12: 0.115046 9.9982E-05 0.187751 9.9982E-05 0.665961 0.0310412 1
13: 9.9964E-05 9.9964E-05 0.0235856 9.9964E-05 0.976015 9.9964E-05 1
14: 0.606545 0.0349435 9.9973E-05 9.9973E-05 0.358212 9.9973E-05 1
15: 0.105991 9.99821E-05 0.0571091 0.190579 9.99821E-05 0.646122 1
16: 0.0671032 9.9973E-05 9.9973E-05 0.894216 9.9973E-05 0.0383809 1
17: 9.99731E-05 9.99731E-05 0.0250465 0.958531 9.99731E-05 0.0161227 1
18: 0.00255372 9.9973E-05 9.9973E-05 0.966891 9.9973E-05 0.0302558 1
19: 0.00706092 0.00335327 0.0043663 0.962988 9.9991E-05 0.0221311 1
20: 9.9973E-05 0.0274463 9.9973E-05 0.89687 9.9973E-05 0.0753839 1
21: 0.0155181 9.9982E-05 9.9982E-05 0.905228 0.0382622 0.0407915 1
22: 9.99641E-05 9.99641E-05 9.99641E-05 0.941681 9.99641E-05 0.0579194 1
23: 0.0282315 9.9982E-05 9.9982E-05 0.0314638 0.00989899 0.930206 1
24: 0.0071742 9.9973E-05 0.988512 0.00401348 9.9973E-05 9.9973E-05 1
25: 9.996E-05 9.996E-05 9.996E-05 9.996E-05 9.996E-05 0.9995 1
26: 9.996E-05 9.996E-05 9.996E-05 0.9995 9.996E-05 9.996E-05 1
27: 9.996E-05 9.996E-05 9.996E-05 9.996E-05 9.996E-05 0.9995 1
28: 9.996E-05 9.996E-05 9.996E-05 9.996E-05 9.996E-05 0.9995 1
29: 9.996E-05 9.996E-05 9.996E-05 9.996E-05 9.996E-05 0.9995 1
30: 9.9973E-05 9.9973E-05 0.000446966 0.0151425 9.9973E-05 0.984111 1
31: 9.9964E-05 9.9964E-05 0.0148629 9.9964E-05 9.9964E-05 0.984737 1
32: 9.996E-05 9.996E-05 9.996E-05 9.996E-05 9.996E-05 0.9995 1
33: 9.996E-05 9.996E-05 9.996E-05 0.9995 9.996E-05 9.996E-05 1
34: 9.999E-05 0.061451 0.70361 0.000197998 0.205653 0.0289876 1
35: 9.996E-05 9.996E-05 9.996E-05 0.9995 9.996E-05 9.996E-05 1
36: 9.996E-05 9.996E-05 0.9995 9.996E-05 9.996E-05 9.996E-05 1
37: 9.9982E-05 0.0108587 9.9982E-05 0.979546 0.00370872 0.00568671 1
38: 9.9982E-05 0.00228217 0.0032914 0.993946 9.9982E-05 0.000280942 1
39: 9.9964E-05 9.9964E-05 0.903257 9.9964E-05 0.0963432 9.9964E-05 1
40: 9.9964E-05 9.9964E-05 0.815929 9.9964E-05 0.183671 9.9964E-05 1
41: 0.0202485 9.9964E-05 9.9964E-05 0.979352 9.9964E-05 9.9964E-05 1
42: 9.9964E-05 9.9964E-05 0.995563 9.9964E-05 9.9964E-05 0.00403757 1
43: 0.0157113 9.9964E-05 9.9964E-05 0.983889 9.9964E-05 9.9964E-05 1
44: 0.398832 0.484707 0.0630323 9.9991E-05 0.0489298 0.00439877 1
45: 0.0616902 0.316714 9.9982E-05 9.9982E-05 0.600834 0.0205613 1
46: 0.959813 9.9964E-05 9.9964E-05 9.9964E-05 0.0397875 9.9964E-05 1
47: 0.838073 0.0163117 0.0741785 0.0179182 0.0364768 0.0170421 1
48: 0.313086 0.0851792 9.9973E-05 9.9973E-05 0.601435 9.9973E-05 1
49: 0.160292 0.0197246 0.12 9.9982E-05 0.699783 9.9982E-05 1
50: 0.373015 0.119562 0.162758 9.9982E-05 0.344465 9.9982E-05 1
51: 0.947401 0.0350898 9.9973E-05 0.0172093 9.9973E-05 9.9973E-05 1
52: 0.716962 0.129659 0.134916 9.9982E-05 9.9982E-05 0.0182635 1
53: 0.833776 9.9964E-05 9.9964E-05 9.9964E-05 0.165824 9.9964E-05 1
54: 0.365516 0.130685 0.20468 9.998E-05 0.298919 9.998E-05 1
55: 0.248825 0.0415775 0.0248808 9.998E-05 0.684517 9.998E-05 1
56: 0.920669 0.0789316 9.9964E-05 9.9964E-05 9.9964E-05 9.9964E-05 1
57: 0.661822 9.9973E-05 0.110643 9.9973E-05 0.227235 9.9973E-05 1
58: 9.996E-05 9.996E-05 9.996E-05 0.9995 9.996E-05 9.996E-05 1
59: 9.996E-05 9.996E-05 9.996E-05 0.9995 9.996E-05 9.996E-05 1
60: 0.0155146 0.026421 9.9973E-05 0.957765 9.9973E-05 9.9973E-05 1
61: 0.950756 9.9964E-05 0.0488441 9.9964E-05 9.9964E-05 9.9964E-05 1
62: 9.9973E-05 0.0845585 9.9973E-05 9.9973E-05 0.89695 0.0181914 1
63: 0.486626 0.174661 9.9982E-05 0.0129125 0.325601 9.9982E-05 1
64: 0.529862 0.0752681 9.9982E-05 0.00413518 0.390534 9.9982E-05 1
65: 0.341471 0.0641205 0.000524829 9.998E-05 0.593684 9.998E-05 1
66: 0.309984 0.0278169 0.078126 9.998E-05 0.583873 9.998E-05 1
67: 0.703964 0.0830561 9.9982E-05 0.0252715 0.187509 9.9982E-05 1
68: 0.020036 9.9982E-05 0.0395394 0.00163053 0.938594 9.9982E-05 1
69: 9.996E-05 9.996E-05 9.996E-05 9.996E-05 0.9995 9.996E-05 1
70: 9.996E-05 0.9995 9.996E-05 9.996E-05 9.996E-05 9.996E-05 1
71: 0.877107 0.122493 9.9964E-05 9.9964E-05 9.9964E-05 9.9964E-05 1
72: 0.161158 9.9991E-05 0.249432 0.0272928 0.541425 0.0205921 1
73: 0.47785 0.0791246 0.171234 9.9982E-05 0.271592 9.9982E-05 1
74: 0.529857 9.9964E-05 9.9964E-05 9.9964E-05 0.469743 9.9964E-05 1
75: 0.264363 9.9973E-05 0.140688 9.9973E-05 0.594649 9.9973E-05 1
76: 9.9964E-05 9.9964E-05 9.9964E-05 0.0363409 0.963259 9.9964E-05 1
77: 0.0518171 0.0913776 0.0487647 0.0161451 0.791795 9.9991E-05 1
78: 0.296079 0.0548525 0.168311 0.0316534 0.449004 9.9991E-05 1
79: 9.9964E-05 9.9964E-05 0.132666 9.9964E-05 0.866934 9.9964E-05 1
80: 9.9964E-05 9.9964E-05 9.9964E-05 0.0374788 0.962121 9.9964E-05 1
81: 0.342144 0.348593 9.9973E-05 9.9973E-05 0.308963 9.9973E-05 1
82: 0.178539 0.712422 0.0801469 0.0254932 0.00329926 9.9991E-05 1
83: 0.265496 0.17368 0.226368 9.9982E-05 0.334256 9.9982E-05 1
84: 9.9991E-05 0.663647 0.197031 0.00021923 0.120486 0.0185175 1
85: 0.646652 9.9991E-05 0.0106955 0.0133055 0.318382 0.010865 1
86: 0.099326 0.414152 0.154299 9.9982E-05 0.332023 9.9982E-05 1
87: 0.249634 0.0102742 0.0547297 9.9991E-05 0.660979 0.0242828 1
88: 0.354281 0.567068 0.0783514 9.9973E-05 9.9973E-05 9.9973E-05 1
89: 0.477894 0.10668 0.100492 0.0187742 0.295485 0.000674582 1
90: 9.9973E-05 0.625505 0.022794 9.9973E-05 0.351401 9.9973E-05 1
91: 0.0512067 0.585709 9.9991E-05 0.00517438 0.334693 0.0231169 1
92: 9.996E-05 0.9995 9.996E-05 9.996E-05 9.996E-05 9.996E-05 1
93: 0.0925943 0.220366 0.140175 9.9991E-05 0.545104 0.00166023 1
94: 0.555048 0.0471273 0.0395643 9.9991E-05 0.331797 0.0263627 1
95: 0.722635 0.186661 0.0904046 9.9973E-05 9.9973E-05 9.9973E-05 1
96: 0.167591 0.478201 0.181403 9.998E-05 0.172605 9.998E-05 1
97: 9.9973E-05 0.547028 0.0348624 9.9973E-05 0.41781 9.9973E-05 1
98: 9.9982E-05 0.293821 0.131547 9.9982E-05 0.573267 0.0011654 1
99: 0.834959 0.164641 9.99669E-05 9.99669E-05 9.99669E-05 9.99669E-05 1
100: 9.9964E-05 9.9964E-05 9.9964E-05 0.997326 0.00227369 9.9964E-05 1
101: 9.9973E-05 0.00984981 0.00696244 0.982888 9.9973E-05 9.9973E-05 1
102: 9.996E-05 9.996E-05 9.996E-05 0.9995 9.996E-05 9.996E-05 1
103: 9.996E-05 9.996E-05 9.996E-05 0.9995 9.996E-05 9.996E-05 1
104: 0.00543739 9.9973E-05 0.00744288 0.98682 9.9973E-05 9.9973E-05 1
105: 9.9964E-05 9.9964E-05 9.9964E-05 0.997714 0.00188576 9.9964E-05 1
106: 0.0335586 9.9982E-05 9.9982E-05 0.062178 0.0335818 0.870482 1
107: 9.996E-05 9.996E-05 9.996E-05 0.9995 9.996E-05 9.996E-05 1
108: 9.996E-05 9.996E-05 9.996E-05 0.9995 9.996E-05 9.996E-05 1
109: 9.996E-05 9.996E-05 9.996E-05 0.9995 9.996E-05 9.996E-05 1
110: 9.996E-05 9.996E-05 9.996E-05 0.9995 9.996E-05 9.996E-05 1
111: 0.159738 0.0176733 0.621622 0.0189007 0.181967 9.9991E-05 1
112: 9.9973E-05 9.9973E-05 9.9973E-05 0.936138 0.0203146 0.0432473 1
113: 0.0203024 0.0196294 0.00692059 0.117593 9.9991E-05 0.835455 1
114: 9.9973E-05 9.9973E-05 0.0123339 0.00609262 9.9973E-05 0.981274 1
115: 9.9964E-05 9.9964E-05 9.9964E-05 0.956192 9.9964E-05 0.0434084 1
116: 0.00604544 9.9973E-05 9.9973E-05 0.941184 9.9973E-05 0.0524705 1
117: 0.058813 0.00648811 0.00419634 0.898916 9.9991E-05 0.0314863 1
118: 9.9973E-05 0.0392154 9.9973E-05 0.8985 9.9973E-05 0.0619848 1
119: 9.9964E-05 9.9964E-05 9.9964E-05 0.0462985 9.9964E-05 0.953302 1

1: 0.16386 9.9973E-05 0.829142 0.00669746 9.9973E-05 9.9973E-05 1
2: 9.996E-05 9.996E-05 0.9995 9.996E-05 9.996E-05 9.996E-05 1
3: 0.0266667 9.9982E-05 0.9544 0.0157438 0.00298935 9.9982E-05 1
4: 0.140139 9.9982E-05 0.827074 9.9982E-05 0.0265122 0.006075 1
5: 0.00226381 9.9982E-05 0.0227674 0.971463 9.9982E-05 0.00330627 1
6: 9.9982E-05 9.9982E-05 0.026182 0.94031 0.00136863 0.0319396 1
7: 0.0670844 9.9982E-05 0.911859 0.00946775 0.0113887 9.9982E-05 1
8: 9.996E-05 9.996E-05 0.9995 9.996E-05 9.996E-05 9.996E-05 1
9: 0.0470649 9.9964E-05 0.952535 9.9964E-05 9.9964E-05 9.9964E-05 1
10: 9.9964E-05 9.9964E-05 9.9964E-05 9.9964E-05 0.861501 0.138099 1
11: 9.9964E-05 0.233075 9.9964E-05 9.9964E-05 9.9964E-05 0.766525 1
12: 0.00139157 9.9991E-05 0.00167739 0.0267832 0.827996 0.142052 1
13: 9.9964E-05 9.9964E-05 9.9964E-05 9.9964E-05 0.992846 0.00675385 1
14: 0.00155312 0.0464748 9.9982E-05 9.9982E-05 0.334109 0.617663 1
15: 9.99821E-05 9.99821E-05 0.22823 0.634576 0.0111182 0.125876 1
16: 9.9973E-05 9.9973E-05 0.927196 0.0241914 9.9973E-05 0.0483127 1
17: 0.00523371 9.9973E-05 0.980817 9.9973E-05 9.9973E-05 0.0136491 1
18: 9.996E-05 9.996E-05 0.9995 9.996E-05 9.996E-05 9.996E-05 1
19: 9.996E-05 9.996E-05 0.9995 9.996E-05 9.996E-05 9.996E-05 1
20: 0.0528337 9.9982E-05 0.903708 0.0361329 0.00712488 9.9982E-05 1
21: 0.0994431 9.9982E-05 0.867312 0.011754 9.9982E-05 0.0212906 1
22: 0.0487527 9.9973E-05 0.947784 0.00316359 9.9973E-05 9.9973E-05 1
23: 9.9982E-05 9.9982E-05 0.0468824 0.917424 0.025207 0.0102866 1
24: 0.0402454 0.0431021 9.9973E-05 9.9973E-05 0.916353 9.9973E-05 1
25: 0.00139591 9.9964E-05 9.9964E-05 0.998204 9.9964E-05 9.9964E-05 1
26: 0.997958 9.9964E-05 0.00164199 9.9964E-05 9.9964E-05 9.9964E-05 1
27: 9.996E-05 9.996E-05 9.996E-05 0.9995 9.996E-05 9.996E-05 1
28: 9.996E-05 9.996E-05 9.996E-05 0.9995 9.996E-05 9.996E-05 1
29: 9.996E-05 9.996E-05 9.996E-05 0.9995 9.996E-05 9.996E-05 1
30: 0.00594507 0.00343337 0.0166888 0.95718 0.0166525 9.9991E-05 1
31: 9.9982E-05 0.000326908 9.9982E-05 0.989195 0.00658619 0.00369147 1
32: 9.996E-05 9.996E-05 9.996E-05 0.9995 9.996E-05 9.996E-05 1
33: 0.9995 9.996E-05 9.996E-05 9.996E-05 9.996E-05 9.996E-05 1
34: 0.0172094 0.10232 9.9982E-05 0.0342187 0.846052 9.9982E-05 1
35: 0.997141 0.00245916 9.9964E-05 9.9964E-05 9.9964E-05 9.9964E-05 1
36: 0.0264857 0.052319 9.9991E-05 0.00615717 0.91325 0.00168815 1
37: 0.966478 9.9964E-05 9.9964E-05 0.0331225 9.9964E-05 9.9964E-05 1
38: 0.993954 9.9964E-05 9.9964E-05 0.00564581 9.9964E-05 9.9964E-05 1
39: 9.9964E-05 9.9964E-05 9.9964E-05 0.0131859 0.986414 9.9964E-05 1
40: 0.00715482 0.00534289 9.9982E-05 9.9982E-05 0.963732 0.0235707 1
41: 0.955536 0.0123491 0.00651212 9.9991E-05 0.0152197 0.010283 1
42: 9.9973E-05 0.0149268 9.9973E-05 0.022207 0.962566 9.9973E-05 1
43: 0.975876 0.0114051 9.9973E-05 0.012419 9.9973E-05 9.9973E-05 1
44: 9.9973E-05 0.512426 9.9973E-05 0.00849234 9.9973E-05 0.478781 1
45: 9.9982E-05 0.41091 9.9982E-05 0.0180853 0.489412 0.081392 1
46: 9.9964E-05 9.9964E-05 9.9964E-05 0.0097665 9.9964E-05 0.989834 1
47: 0.0236431 0.0452743 9.9982E-05 9.9982E-05 0.0481433 0.882739 1
48: 9.9973E-05 0.13358 9.9973E-05 9.9973E-05 0.586211 0.279909 1
49: 9.9973E-05 0.109741 9.9973E-05 9.9973E-05 0.774498 0.115461 1
50: 9.9973E-05 0.113453 9.9973E-05 9.9973E-05 0.389673 0.496574 1
51: 9.9973E-05 0.0481704 0.0324858 9.9973E-05 9.9973E-05 0.919044 1
52: 9.9982E-05 0.223412 9.9982E-05 0.0236207 0.0267671 0.726 1
53: 9.9973E-05 9.9973E-05 0.000271175 9.9973E-05 0.136174 0.863255 1
54: 9.9973E-05 0.17692 9.9973E-05 9.9973E-05 0.467994 0.354786 1
55: 9.9973E-05 0.0822341 9.9973E-05 9.9973E-05 0.723154 0.194312 1
56: 9.9964E-05 0.100234 9.9964E-05 9.9964E-05 9.9964E-05 0.899366 1
57: 0.0033965 0.0465829 9.9982E-05 9.9982E-05 0.389688 0.560133 1
58: 0.9995 9.996E-05 9.996E-05 9.996E-05 9.996E-05 9.996E-05 1
59: 0.938762 9.99731E-05 0.0599901 0.000947597 9.99731E-05 9.99731E-05 1
60: 0.973753 9.9982E-05 0.0102658 9.9982E-05 0.00406604 0.0117148 1
61: 9.9964E-05 0.0615036 9.9964E-05 9.9964E-05 9.9964E-05 0.938097 1
62: 0.00530397 0.0539819 9.9982E-05 0.00978094 0.930733 9.9982E-05 1
63: 0.0116988 0.171889 9.9982E-05 9.9982E-05 0.257495 0.558717 1
64: 0.014447 0.0836935 9.9982E-05 9.9982E-05 0.307302 0.594358 1
65: 9.9973E-05 0.0524797 9.9973E-05 9.9973E-05 0.562705 0.384516 1
66: 0.0165247 0.0232546 9.9982E-05 9.9982E-05 0.606669 0.353351 1
67: 0.012992 0.115544 9.9982E-05 9.9982E-05 0.223216 0.648048 1
68: 9.9973E-05 0.0275447 9.9973E-05 9.9973E-05 0.910321 0.0618341 1
69: 9.9964E-05 9.9964E-05 9.9964E-05 0.0020746 0.997526 9.9964E-05 1
70: 9.996E-05 0.9995 9.996E-05 9.996E-05 9.996E-05 9.996E-05 1
71: 9.99696E-05 0.0942027 9.99696E-05 9.99696E-05 9.99696E-05 0.905397 1
72: 9.9982E-05 9.9982E-05 0.0187125 0.0173372 0.77316 0.19059 1
73: 0.00520661 0.0973763 9.9982E-05 9.9982E-05 0.471312 0.425905 1
74: 9.9964E-05 9.9964E-05 9.9964E-05 9.9964E-05 0.380278 0.619322 1
75: 9.9964E-05 9.9964E-05 9.9964E-05 9.9964E-05 0.734564 0.265036 1
76: 9.9973E-05 0.00108274 0.0140304 9.9973E-05 0.984587 9.9973E-05 1
77: 0.00847627 0.123315 0.0143381 9.9982E-05 0.853671 9.9982E-05 1
78: 0.0312709 0.0918797 9.9982E-05 9.9982E-05 0.544742 0.331908 1
79: 9.9964E-05 9.9964E-05 9.9964E-05 0.0247095 0.974891 9.9964E-05 1
80: 0.0327832 0.0122693 9.9982E-05 0.00111346 0.953634 9.9982E-05 1
81: 9.9973E-05 0.406896 9.9973E-05 9.9973E-05 0.271202 0.321602 1
82: 0.0129513 0.73064 0.0265265 0.017684 9.9991E-05 0.212098 1
83: 9.9973E-05 0.28467 9.9973E-05 9.9973E-05 0.465304 0.249727 1
84: 9.9982E-05 0.751724 0.0309731 0.00146567 0.215637 9.9982E-05 1
85: 9.9973E-05 9.9973E-05 0.0264394 9.9973E-05 0.195275 0.777986 1
86: 9.9982E-05 0.44119 0.00778397 9.9982E-05 0.389746 0.16108 1
87: 9.9982E-05 0.0559786 9.9982E-05 0.00376837 0.68166 0.258394 1
88: 9.9973E-05 0.618066 9.9973E-05 9.9973E-05 0.0300671 0.351567 1
89: 0.0208975 0.152548 9.9982E-05 9.9982E-05 0.355091 0.471264 1
90: 9.9964E-05 0.636717 9.9964E-05 9.9964E-05 0.362884 9.9964E-05 1
91: 0.0133364 0.618015 0.00124125 0.0130911 0.30591 0.0484067 1
92: 9.996E-05 0.9995 9.996E-05 9.996E-05 9.996E-05 9.996E-05 1
93: 9.9982E-05 0.248607 0.0149512 9.9982E-05 0.616757 0.119484 1
94: 9.9991E-05 0.133478 0.00349879 0.0125512 0.335737 0.514635 1
95: 9.9982E-05 0.130357 9.9982E-05 0.0040469 0.082267 0.783129 1
96: 9.9973E-05 0.470783 9.9973E-05 9.9973E-05 0.286472 0.242445 1
97: 9.9973E-05 0.625754 0.00171674 9.9973E-05 0.372229 9.9973E-05 1
98: 9.9982E-05 0.217142 9.9982E-05 0.012318 0.656913 0.113428 1
99: 0.00404802 0.154904 9.9982E-05 0.0046158 9.9982E-05 0.836232 1
100: 0.924623 9.9982E-05 0.0731845 0.000807448 0.00118468 9.9982E-05 1
101: 0.990409 0.00919074 9.9964E-05 9.9964E-05 9.9964E-05 9.9964E-05 1
102: 0.9995 9.996E-05 9.996E-05 9.996E-05 9.996E-05 9.996E-05 1
103: 0.92606 9.99641E-05 0.0735399 9.99641E-05 9.99641E-05 9.99641E-05 1
104: 0.997563 0.000698649 9.9973E-05 0.00143823 9.9973E-05 9.9973E-05 1
105: 0.985963 0.000390738 9.9973E-05 9.9973E-05 0.0133463 9.9973E-05 1
106: 0.0503816 0.0125441 0.0263093 0.854048 9.9991E-05 0.0566166 1
107: 0.9995 9.996E-05 9.996E-05 9.996E-05 9.996E-05 9.996E-05 1
108: 0.969431 9.9973E-05 0.0159122 9.9973E-05 9.9973E-05 0.0143566 1
109: 0.988994 9.9973E-05 0.0038881 9.9973E-05 0.00681816 9.9973E-05 1
110: 0.95767 9.9973E-05 0.0302273 0.0118026 9.9973E-05 9.9973E-05 1
111: 0.0126196 0.0621051 0.0292326 9.9991E-05 0.826943 0.0689997 1
112: 9.996E-05 9.996E-05 0.9995 9.996E-05 9.996E-05 9.996E-05 1
113: 0.024126 0.0537367 0.106062 0.797563 0.0184118 9.9991E-05 1
114: 0.0146681 9.9964E-05 9.9964E-05 0.984932 9.9964E-05 9.9964E-05 1
115: 9.996E-05 9.996E-05 0.9995 9.996E-05 9.996E-05 9.996E-05 1
116: 0.0399503 9.9973E-05 0.957453 0.00229694 9.9973E-05 9.9973E-05 1
117: 0.0342853 9.9973E-05 0.929743 9.9973E-05 9.9973E-05 0.0356722 1
118: 0.0369363 9.9982E-05 0.9253 0.0110726 0.0264906 9.9982E-05 1
119: 0.00123224 9.9973E-05 0.0242812 0.974187 9.9973E-05 9.9973E-05 1

1: 0.157008 9.9982E-05 0.0127239 0.81906 9.9982E-05 0.0110082 1
2: 9.996E-05 9.996E-05 9.996E-05 0.9995 9.996E-05 9.996E-05 1
3: 0.0471294 9.9973E-05 9.9973E-05 0.921417 0.0311535 9.9973E-05 1
4: 0.158632 9.9991E-05 0.0282318 0.784822 0.0102688 0.0179456 1
5: 0.0182116 0.00540374 9.9991E-05 0.000267552 0.877838 0.0981794 1
6: 9.999E-05 0.025617 0.00605165 0.02857 0.88079 0.0588719 1
7: 0.0438089 9.9982E-05 0.0195801 0.912672 0.0237392 9.9982E-05 1
8: 9.996E-05 9.996E-05 9.996E-05 0.9995 9.996E-05 9.996E-05 1
9: 0.0321476 0.00359107 9.9982E-05 0.945313 0.0187483 9.9982E-05 1
10: 9.99641E-05 0.0833983 0.916202 9.99641E-05 9.99641E-05 9.99641E-05 1
11: 9.9964E-05 0.927708 0.0718926 9.9964E-05 9.9964E-05 9.9964E-05 1
12: 0.014068 0.0787515 0.900257 9.9982E-05 0.00672335 9.9982E-05 1
13: 9.996E-05 9.996E-05 0.9995 9.996E-05 9.996E-05 9.996E-05 1
14: 9.9973E-05 0.635868 0.358108 0.00572452 9.9973E-05 9.9973E-05 1
15: 9.996E-05 9.996E-05 9.996E-05 9.996E-05 9.996E-05 0.9995 1
16: 0.017328 0.0298608 9.9982E-05 0.920188 9.9982E-05 0.0324237 1
17: 0.000373446 9.9973E-05 0.0241504 0.975176 9.9973E-05 9.9973E-05 1
18: 9.996E-05 9.996E-05 9.996E-05 0.9995 9.996E-05 9.996E-05 1
19: 9.996E-05 9.996E-05 9.996E-05 0.9995 9.996E-05 9.996E-05 1
20: 0.0660742 9.9982E-05 0.014378 0.882993 0.0363547 9.9982E-05 1
21: 0.110315 0.0102077 0.0159442 0.862091 9.9991E-05 0.00134201 1
22: 0.0471547 9.9973E-05 9.9973E-05 0.940401 0.012144 9.9973E-05 1
23: 9.999E-05 0.00447299 0.0348705 0.024388 0.912422 0.023747 1
24: 0.0244799 0.0586536 0.916567 9.9973E-05 9.9973E-05 9.9973E-05 1
25: 9.9964E-05 0.00789924 9.9964E-05 9.9964E-05 0.991701 9.9964E-05 1
26: 0.9995 9.996E-05 9.996E-05 9.996E-05 9.996E-05 9.996E-05 1
27: 9.996E-05 9.996E-05 9.996E-05 9.996E-05 0.9995 9.996E-05 1
28: 9.996E-05 9.996E-05 9.996E-05 9.996E-05 0.9995 9.996E-05 1
29: 9.996E-05 9.996E-05 9.996E-05 9.996E-05 0.9995 9.996E-05 1
30: 0.016193 9.9982E-05 0.0200746 9.9982E-05 0.920758 0.0427743 1
31: 9.9973E-05 0.00413398 0.0113692 9.9973E-05 0.984197 9.9973E-05 1
32: 9.996E-05 9.996E-05 9.996E-05 9.996E-05 0.9995 9.996E-05 1
33: 0.985563 0.0140371 9.9964E-05 9.9964E-05 9.9964E-05 9.9964E-05 1
34: 9.999E-05 0.0266584 0.910153 0.015032 0.0329127 0.0151434 1
35: 0.9995 9.996E-05 9.996E-05 9.996E-05 9.996E-05 9.996E-05 1
36: 9.9982E-05 0.0275682 0.964808 9.9982E-05 0.00370125 0.00372298 1
37: 0.964246 0.00881363 9.9973E-05 9.9973E-05 0.0266401 9.9973E-05 1
38: 0.996599 9.9964E-05 9.9964E-05 9.9964E-05 0.00300154 9.9964E-05 1
39: 9.9964E-05 9.9964E-05 0.986019 9.9964E-05 9.9964E-05 0.0135813 1
40: 0.00702843 9.9964E-05 0.992572 9.9964E-05 9.9964E-05 9.9964E-05 1
41: 0.95594 0.011094 9.9973E-05 0.0326663 9.9973E-05 9.9973E-05 1
42: 9.9973E-05 9.9973E-05 0.970624 0.0233997 9.9973E-05 0.00567589 1
43: 0.972222 9.9973E-05 9.9973E-05 9.9973E-05 0.00704546 0.0204329 1
44: 9.9973E-05 0.930189 0.0392646 9.9973E-05 9.9973E-05 0.0302466 1
45: 0.00705643 0.458443 0.516084 9.9982E-05 0.0182172 9.9982E-05 1
46: 9.9982E-05 0.891536 0.0847261 0.0142037 9.9982E-05 0.00933458 1
47: 0.0117403 0.887252 0.0721359 0.0054116 0.0233598 9.9991E-05 1
48: 9.9973E-05 0.347517 0.642414 9.9973E-05 9.9973E-05 0.00976903 1
49: 9.9964E-05 0.15446 0.845141 9.9964E-05 9.9964E-05 9.9964E-05 1
50: 9.99641E-05 0.551506 0.448094 9.99641E-05 9.99641E-05 9.99641E-05 1
51: 9.9973E-05 0.951335 9.9973E-05 0.0426607 9.9973E-05 0.00570458 1
52: 9.9991E-05 0.913294 0.0603334 0.00153132 0.0226625 0.00207877 1
53: 9.99641E-05 0.786257 0.213343 9.99641E-05 9.99641E-05 9.99641E-05 1
54: 9.9973E-05 0.531249 0.464525 9.9973E-05 0.00392615 9.9973E-05 1
55: 9.9973E-05 0.231723 0.762058 9.9973E-05 9.9973E-05 0.00591856 1
56: 9.996E-05 0.9995 9.996E-05 9.996E-05 9.996E-05 9.996E-05 1
57: 9.99641E-05 0.57399 0.42561 9.99641E-05 9.99641E-05 9.99641E-05 1
58: 0.9995 9.996E-05 9.996E-05 9.996E-05 9.996E-05 9.996E-05 1
59: 0.914266 0.00388586 9.9982E-05 0.0575568 9.9982E-05 0.0240918 1
60: 0.916949 0.0201036 0.0262687 0.0283336 0.00824546 9.9991E-05 1
61: 9.99641E-05 0.951957 0.0476434 9.99641E-05 9.99641E-05 9.99641E-05 1
62: 9.9973E-05 0.0581686 0.927366 9.9973E-05 9.9973E-05 0.0141658 1
63: 0.0101423 0.658253 0.331305 9.9973E-05 9.9973E-05 9.9973E-05 1
64: 9.9973E-05 0.644098 0.347952 0.00764943 9.9973E-05 9.9973E-05 1
65: 9.9973E-05 0.412833 0.585718 0.00114973 9.9973E-05 9.9973E-05 1
66: 9.9964E-05 0.317591 0.682009 9.9964E-05 9.9964E-05 9.9964E-05 1
67: 0.017706 0.720234 0.25913 0.00273002 9.9982E-05 9.9982E-05 1
68: 9.99641E-05 0.0439843 0.955616 9.99641E-05 9.99641E-05 9.99641E-05 1
69: 9.996E-05 9.996E-05 0.9995 9.996E-05 9.996E-05 9.996E-05 1
70: 9.996E-05 0.9995 9.996E-05 9.996E-05 9.996E-05 9.996E-05 1
71: 0.00734828 0.939481 0.0472848 0.00259663 9.9991E-05 0.00318929 1
72: 0.00803422 0.118862 0.826063 0.00255717 0.0280096 0.0164739 1
73: 9.9964E-05 0.523492 0.476108 9.9964E-05 9.9964E-05 9.9964E-05 1
74: 9.9964E-05 0.498311 0.501289 9.9964E-05 9.9964E-05 9.9964E-05 1
75: 9.9964E-05 0.281262 0.718338 9.9964E-05 9.9964E-05 9.9964E-05 1
76: 9.9964E-05 9.9964E-05 0.995343 0.00425725 9.9964E-05 9.9964E-05 1
77: 0.0308695 0.210201 0.754557 0.00417263 9.9982E-05 9.9982E-05 1
78: 0.0176772 0.384774 0.597249 9.9973E-05 9.9973E-05 9.9973E-05 1
79: 9.9964E-05 9.9964E-05 0.9909 9.9964E-05 0.00870033 9.9964E-05 1
80: 0.0329525 9.9964E-05 0.966648 9.9964E-05 9.9964E-05 9.9964E-05 1
81: 9.9964E-05 0.738645 0.260955 9.9964E-05 9.9964E-05 9.9964E-05 1
82: 0.00244514 0.960679 9.9982E-05 0.0273998 0.00927649 9.9982E-05 1
83: 9.9964E-05 0.525983 0.473617 9.9964E-05 9.9964E-05 9.9964E-05 1
84: 9.9982E-05 0.714748 0.237908 0.0240003 0.0231438 9.9982E-05 1
85: 9.9973E-05 0.67909 0.314688 0.00592131 9.9973E-05 9.9973E-05 1
86: 0.00223329 0.608906 0.379675 0.00898488 9.9982E-05 9.9982E-05 1
87: 9.9973E-05 0.287504 0.692345 9.9973E-05 0.0198515 9.9973E-05 1
88: 9.9964E-05 0.973284 0.0263165 9.9964E-05 9.9964E-05 9.9964E-05 1
89: 0.00609157 0.587774 0.380571 9.9982E-05 9.9982E-05 0.0253627 1
90: 9.9964E-05 0.6105 0.3891 9.9964E-05 9.9964E-05 9.9964E-05 1
91: 0.00723579 0.671783 0.297809 9.99842E-05 0.0229718 9.99842E-05 1
92: 9.996E-05 0.9995 9.996E-05 9.996E-05 9.996E-05 9.996E-05 1
93: 9.9973E-05 0.396253 0.59537 9.9973E-05 9.9973E-05 0.00807712 1
94: 9.9973E-05 0.651618 0.336186 9.9973E-05 9.9973E-05 0.0118962 1
95: 9.9973E-05 0.912723 0.0721226 9.9973E-05 9.9973E-05 0.0148549 1
96: 9.9964E-05 0.730081 0.269519 9.9964E-05 9.9964E-05 9.9964E-05 1
97: 9.9973E-05 0.540304 0.44607 0.0133264 9.9973E-05 9.9973E-05 1
98: 9.9973E-05 0.376067 0.618635 9.9973E-05 0.0049978 9.9973E-05 1
99: 9.9973E-05 0.975317 9.9973E-05 0.0207454 0.00363724 9.9973E-05 1
100: 0.913226 9.9973E-05 0.045657 0.0408174 9.9973E-05 9.9973E-05 1
101: 0.98362 0.00833727 0.00774322 9.9973E-05 9.9973E-05 9.9973E-05 1
102: 0.9995 9.996E-05 9.996E-05 9.996E-05 9.996E-05 9.996E-05 1
103: 0.941212 9.9982E-05 9.9982E-05 0.0447877 0.000932333 0.0128683 1
104: 0.988717 9.9964E-05 9.9964E-05 9.9964E-05 9.9964E-05 0.0108834 1
105: 0.9995 9.996E-05 9.996E-05 9.996E-05 9.996E-05 9.996E-05 1
106: 0.0231722 0.0390021 0.00985443 0.00320638 0.690704 0.23406 1
107: 0.9995 9.996E-05 9.996E-05 9.996E-05 9.996E-05 9.996E-05 1
108: 0.977899 9.9973E-05 9.9973E-05 0.00896865 9.9973E-05 0.0128325 1
109: 0.946426 0.0056153 0.00346286 0.0442955 9.998E-05 9.998E-05 1
110: 0.963774 9.9982E-05 9.9982E-05 0.0218311 0.00553347 0.00866131 1
111: 0.0257439 0.114578 0.832366 0.0269467 9.9991E-05 0.000266047 1
112: 9.996E-05 9.996E-05 9.996E-05 0.9995 9.996E-05 9.996E-05 1
113: 9.9964E-05 9.9964E-05 9.9964E-05 9.9964E-05 0.205151 0.794449 1
114: 0.0259327 9.9964E-05 9.9964E-05 9.9964E-05 0.973667 9.9964E-05 1
115: 9.996E-05 9.996E-05 9.996E-05 0.9995 9.996E-05 9.996E-05 1
116: 0.0289915 0.000609207 9.9982E-05 0.951949 0.0182499 9.9982E-05 1
117: 0.0702823 0.0112554 0.025773 0.880639 9.9991E-05 0.0119505 1
118: 0.0574503 9.9973E-05 9.9973E-05 0.917249 0.0250006 9.9973E-05 1
119: 9.9973E-05 9.9973E-05 9.9973E-05 0.0378247 0.874658 0.0872174 1

1: 0.0128282 9.9991E-05 0.0184824 0.0112765 0.158818 0.798495 1
2: 9.996E-05 9.996E-05 9.996E-05 9.996E-05 9.996E-05 0.9995 1
3: 0.0143127 9.9982E-05 9.9982E-05 0.00767278 0.0781346 0.89968 1
4: 9.9982E-05 0.00100213 0.0283247 9.9982E-05 0.125688 0.844786 1
5: 0.872421 0.112222 9.9973E-05 9.9973E-05 0.0150574 9.9973E-05 1
