1: 9.99551E-05 0.37047 9.99551E-05 9.99551E-05 0.00623429 0.489164 0.133632 9.99551E-05 9.99551E-05 1
2: 9.993E-05 0.999201 9.993E-05 9.993E-05 9.993E-05 9.993E-05 9.993E-05 9.993E-05 9.993E-05 1
3: 9.993E-05 9.993E-05 9.993E-05 9.993E-05 9.993E-05 0.999201 9.993E-05 9.993E-05 9.993E-05 1
4: 0.00253546 0.749607 9.9982E-05 9.9982E-05 0.00527054 0.0697529 0.151501 0.00130127 0.0198316 1
5: 9.9964E-05 9.9964E-05 0.887034 0.000469616 9.9964E-05 0.00148932 0.00737605 0.103231 9.9964E-05 1
6: 9.9964E-05 0.0279928 0.939467 9.9964E-05 0.00489665 9.9964E-05 9.9964E-05 0.0146624 0.0125809 1
7: 0.0108428 0.424286 0.0261116 9.9964E-05 9.9964E-05 0.479646 0.0587136 9.9964E-05 9.9964E-05 1
8: 9.993E-05 0.999201 9.993E-05 9.993E-05 9.993E-05 9.993E-05 9.993E-05 9.993E-05 9.993E-05 1
9: 0.000515188 0.755566 9.9964E-05 9.9964E-05 9.9964E-05 0.198593 0.0344831 9.9964E-05 0.0104419 1
10: 9.99371E-05 9.99371E-05 9.99371E-05 9.99371E-05 0.869542 9.99371E-05 9.99371E-05 9.99371E-05 0.129759 1
11: 0.235013 9.9955E-05 9.9955E-05 0.127125 0.00372475 9.9955E-05 9.9955E-05 9.9955E-05 0.633637 1
12: 9.9964E-05 9.9964E-05 0.0127108 0.0873624 0.852465 9.9964E-05 9.9964E-05 0.020358 0.0267037 1
13: 9.9946E-05 9.9946E-05 9.9946E-05 0.190633 0.806272 9.9946E-05 0.00249465 9.9946E-05 9.9946E-05 1
14: 0.0197816 9.9946E-05 9.9946E-05 9.9946E-05 0.308581 9.9946E-05 9.9946E-05 9.9946E-05 0.671038 1
15: 9.993E-05 9.993E-05 9.993E-05 9.993E-05 9.993E-05 9.993E-05 9.993E-05 0.999201 9.993E-05 1
16: 9.996E-05 0.437739 9.996E-05 9.996E-05 9.996E-05 0.51424 0.00649244 0.0229434 0.0181847 1
17: 9.99551E-05 0.616771 9.99551E-05 9.99551E-05 0.0185316 0.350331 0.0138666 9.99551E-05 9.99551E-05 1
18: 9.993E-05 0.999201 9.993E-05 9.993E-05 9.993E-05 9.993E-05 9.993E-05 9.993E-05 9.993E-05 1
19: 9.993E-05 0.999201 9.993E-05 9.993E-05 9.993E-05 9.993E-05 9.993E-05 9.993E-05 9.993E-05 1
20: 9.9955E-05 0.434162 0.0251956 9.9955E-05 9.9955E-05 0.493721 0.0464218 9.9955E-05 9.9955E-05 1
21: 9.99641E-05 0.0952988 9.99641E-05 0.0123128 9.99641E-05 0.857875 0.0309403 0.00317294 9.99641E-05 1
22: 9.993E-05 9.993E-05 9.993E-05 9.993E-05 9.993E-05 0.999201 9.993E-05 9.993E-05 9.993E-05 1
23: 0.0108455 0.0408215 0.869855 0.0257366 0.0186071 9.9982E-05 9.9982E-05 0.0219861 0.011948 1
24: 0.0361636 9.9955E-05 9.9955E-05 9.9955E-05 0.897305 9.9955E-05 0.00334062 9.9955E-05 0.0626906 1
25: 9.99371E-05 9.99371E-05 0.990535 9.99371E-05 9.99371E-05 9.99371E-05 0.00876499 9.99371E-05 9.99371E-05 1
26: 9.993E-05 9.993E-05 9.993E-05 9.993E-05 9.993E-05 9.993E-05 0.999201 9.993E-05 9.993E-05 1
27: 9.993E-05 9.993E-05 0.999201 9.993E-05 9.993E-05 9.993E-05 9.993E-05 9.993E-05 9.993E-05 1
28: 9.993E-05 9.993E-05 0.999201 9.993E-05 9.993E-05 9.993E-05 9.993E-05 9.993E-05 9.993E-05 1
29: 9.993E-05 9.993E-05 0.999201 9.993E-05 9.993E-05 9.993E-05 9.993E-05 9.993E-05 9.993E-05 1
30: 9.9973E-05 0.00368089 0.938636 9.9973E-05 9.9973E-05 0.00384512 0.0178727 0.027373 0.00829259 1
31: 0.002233 9.99461E-05 0.995147 9.99461E-05 0.00202042 9.99461E-05 9.99461E-05 9.99461E-05 9.99461E-05 1
32: 9.993E-05 9.993E-05 0.999201 9.993E-05 9.993E-05 9.993E-05 9.993E-05 9.993E-05 9.993E-05 1
33: 9.99371E-05 9.99371E-05 9.99371E-05 0.00281264 9.99371E-05 9.99371E-05 0.996488 9.99371E-05 9.99371E-05 1
34: 0.121148 0.013641 0.0435127 9.9964E-05 0.819767 9.9964E-05 9.9964E-05 0.00153072 9.9964E-05 1
35: 0.00830378 0.015026 9.9955E-05 9.9955E-05 9.9955E-05 9.9955E-05 0.972308 0.00386255 9.9955E-05 1
36: 0.058131 0.0124451 9.9973E-05 9.9973E-05 0.90183 9.9973E-05 0.00131265 0.000561406 0.0254194 1
37: 9.99461E-05 9.99461E-05 0.0178063 9.99461E-05 0.0180417 9.99461E-05 0.963552 9.99461E-05 9.99461E-05 1
38: 9.993E-05 9.993E-05 9.993E-05 9.993E-05 9.993E-05 9.993E-05 0.999201 9.993E-05 9.993E-05 1
39: 9.9937E-05 9.9937E-05 9.9937E-05 9.9937E-05 0.978196 9.9937E-05 9.9937E-05 0.0211042 9.9937E-05 1
40: 9.99461E-05 9.99461E-05 9.99461E-05 0.0155194 0.980369 9.99461E-05 0.00351148 9.99461E-05 9.99461E-05 1
41: 9.9955E-05 9.9955E-05 9.9955E-05 0.0250847 9.9955E-05 0.0746707 0.898669 0.00107614 9.9955E-05 1
42: 0.00809555 0.0173995 9.9964E-05 0.0529687 0.900256 9.9964E-05 9.9964E-05 0.0208802 9.9964E-05 1
43: 9.9946E-05 9.9946E-05 0.025923 9.9946E-05 9.9946E-05 9.9946E-05 0.968148 0.00532967 9.9946E-05 1
44: 0.504308 9.9964E-05 9.9964E-05 0.0211953 0.0669139 9.9964E-05 9.9964E-05 0.0137743 0.393408 1
45: 0.194289 9.9955E-05 0.0195895 0.470775 0.314847 9.9955E-05 9.9955E-05 9.9955E-05 9.9955E-05 1
46: 9.9946E-05 9.9946E-05 9.9946E-05 0.321043 9.9946E-05 9.9946E-05 9.9946E-05 0.00448214 0.673875 1
47: 0.0344552 9.9964E-05 9.9964E-05 0.39025 9.9964E-05 0.0110836 9.9964E-05 0.0182084 0.545603 1
48: 0.161118 9.9955E-05 9.9955E-05 0.0774504 0.541698 9.9955E-05 9.9955E-05 9.9955E-05 0.219234 1
49: 0.0213694 9.9955E-05 9.9955E-05 0.0671002 0.782291 9.9955E-05 9.9955E-05 9.9955E-05 0.12874 1
50: 0.0873157 9.99551E-05 9.99551E-05 0.00905688 0.445876 9.99551E-05 9.99551E-05 9.99551E-05 0.457252 1
51: 0.0567268 0.0243167 9.9955E-05 0.103862 9.9955E-05 9.9955E-05 9.9955E-05 9.9955E-05 0.814595 1
52: 0.2108 0.00912249 0.00280449 0.340845 9.9973E-05 9.9973E-05 9.9973E-05 0.00168907 0.434438 1
53: 9.9964E-05 0.000454304 9.9964E-05 0.252821 0.062095 0.00283212 9.9964E-05 9.9964E-05 0.681398 1
54: 0.139253 9.9964E-05 9.9964E-05 0.0451199 0.452145 9.9964E-05 9.9964E-05 0.00861468 0.354468 1
55: 0.11615 9.9946E-05 9.9946E-05 9.9946E-05 0.676428 9.9946E-05 9.9946E-05 9.9946E-05 0.206823 1
56: 0.0682069 9.9937E-05 9.9937E-05 9.9937E-05 9.9937E-05 9.9937E-05 9.9937E-05 9.9937E-05 0.931094 1
57: 9.9946E-05 9.9946E-05 9.9946E-05 9.9946E-05 0.301758 9.9946E-05 0.00534735 9.9946E-05 0.692295 1
58: 9.993E-05 9.993E-05 9.993E-05 9.993E-05 9.993E-05 9.993E-05 0.999201 9.993E-05 9.993E-05 1
59: 9.996E-05 0.014456 0.00791518 9.996E-05 9.996E-05 0.0244469 0.949446 9.996E-05 0.00333641 1
60: 9.99461E-05 0.0136413 9.99461E-05 0.026259 9.99461E-05 9.99461E-05 0.9595 9.99461E-05 9.99461E-05 1
61: 0.031533 9.9955E-05 9.9955E-05 9.9955E-05 9.9955E-05 0.00227162 9.9955E-05 0.00206423 0.963631 1
62: 9.9937E-05 9.9937E-05 9.9937E-05 0.167062 0.832238 9.9937E-05 9.9937E-05 9.9937E-05 9.9937E-05 1
63: 0.00449041 9.9937E-05 9.9937E-05 0.99481 9.9937E-05 9.9937E-05 9.9937E-05 9.9937E-05 9.9937E-05 1
64: 9.993E-05 9.993E-05 9.993E-05 0.999201 9.993E-05 9.993E-05 9.993E-05 9.993E-05 9.993E-05 1
65: 0.0833229 9.9964E-05 9.9964E-05 0.0296288 0.553594 0.00285081 9.9964E-05 9.9964E-05 0.330203 1
66: 0.0772963 9.9955E-05 9.9955E-05 9.9955E-05 0.577391 0.00194676 9.9955E-05 9.9955E-05 0.342866 1
67: 0.0895352 9.9973E-05 9.9973E-05 0.125242 0.204313 0.0116618 0.0130133 9.9973E-05 0.555935 1
68: 9.9955E-05 9.9955E-05 0.00199836 9.9955E-05 0.850238 9.9955E-05 0.00345169 9.9955E-05 0.143812 1
69: 9.9937E-05 9.9937E-05 9.9937E-05 0.135641 0.863659 9.9937E-05 9.9937E-05 9.9937E-05 9.9937E-05 1
70: 0.999201 9.993E-05 9.993E-05 9.993E-05 9.993E-05 9.993E-05 9.993E-05 9.993E-05 9.993E-05 1
71: 0.13147 9.9946E-05 9.9946E-05 0.0821971 9.9946E-05 9.9946E-05 9.9946E-05 9.9946E-05 0.785733 1
72: 9.998E-05 9.998E-05 0.0140531 0.10309 0.743975 0.00501121 0.0208552 0.0166723 0.0961437 1
73: 0.0778765 0.00762236 9.9955E-05 9.9955E-05 0.404614 9.9955E-05 9.9955E-05 9.9955E-05 0.509388 1
74: 9.9946E-05 9.9946E-05 9.9946E-05 0.0204077 0.44459 9.9946E-05 9.9946E-05 9.9946E-05 0.534402 1
75: 9.99371E-05 9.99371E-05 9.99371E-05 9.99371E-05 0.74455 9.99371E-05 9.99371E-05 9.99371E-05 0.254751 1
76: 9.9946E-05 9.9946E-05 9.9946E-05 0.0841075 0.907968 0.00732474 9.9946E-05 9.9946E-05 9.9946E-05 1
77: 0.0830289 0.000284001 9.9964E-05 9.9964E-05 0.819122 9.9964E-05 0.0205712 9.9964E-05 0.0765937 1
78: 0.10725 9.9964E-05 9.9964E-05 0.0478033 0.635608 9.9964E-05 0.0185503 9.9964E-05 0.190389 1
79: 9.9946E-05 9.9946E-05 0.0150666 0.0383468 0.945987 9.9946E-05 9.9946E-05 9.9946E-05 9.9946E-05 1
80: 9.9955E-05 9.9955E-05 9.9955E-05 0.22083 0.755278 0.0170972 0.00629429 9.9955E-05 9.9955E-05 1
81: 0.411899 9.994E-05 9.994E-05 9.994E-05 0.244117 9.994E-05 9.994E-05 9.994E-05 0.343385 1
82: 0.73226 0.0119443 9.9955E-05 0.174897 9.9955E-05 9.9955E-05 9.9955E-05 9.9955E-05 0.0803992 1
83: 0.31367 9.9955E-05 9.9955E-05 0.107623 0.500986 9.9955E-05 9.9955E-05 9.9955E-05 0.0772213 1
84: 0.688335 0.0060476 0.0220423 0.0134912 0.269685 9.996E-05 9.996E-05 9.996E-05 9.996E-05 1
85: 0.012886 0.00990707 9.9964E-05 0.393004 0.171954 9.9964E-05 9.9964E-05 9.9964E-05 0.41185 1
86: 0.386977 9.9964E-05 9.9964E-05 0.233691 0.349311 0.00381065 9.9964E-05 9.9964E-05 0.0258101 1
87: 0.0747751 9.9964E-05 0.00426132 0.130243 0.62148 9.9964E-05 9.9964E-05 9.9964E-05 0.168841 1
88: 0.564517 9.9946E-05 9.9946E-05 9.9946E-05 0.0739608 9.9946E-05 9.9946E-05 9.9946E-05 0.360922 1
89: 0.165412 9.9973E-05 0.00171692 0.0401003 0.364237 9.9973E-05 0.00727043 9.9973E-05 0.420964 1
90: 0.65627 9.9937E-05 9.9937E-05 9.9937E-05 0.34303 9.9937E-05 9.9937E-05 9.9937E-05 9.9937E-05 1
91: 0.608561 0.0113567 0.0169991 9.997E-05 0.262751 0.0179409 9.997E-05 9.997E-05 0.0820915 1
92: 0.999201 9.993E-05 9.993E-05 9.993E-05 9.993E-05 9.993E-05 9.993E-05 9.993E-05 9.993E-05 1
93: 0.270569 9.9946E-05 9.9946E-05 0.139171 0.589661 9.9946E-05 9.9946E-05 9.9946E-05 9.9946E-05 1
94: 0.148182 9.9973E-05 0.00472953 0.08851 0.314826 9.9973E-05 9.9973E-05 0.0258663 0.417587 1
95: 0.138533 9.9964E-05 0.00644625 9.9964E-05 0.100102 9.9964E-05 9.9964E-05 0.0104275 0.744091 1
96: 0.489542 9.9955E-05 9.9955E-05 0.155221 0.243126 9.9955E-05 9.9955E-05 9.9955E-05 0.111611 1
97: 0.566509 9.9946E-05 9.9946E-05 9.9946E-05 0.417663 0.0152289 9.9946E-05 9.9946E-05 9.9946E-05 1
98: 0.292375 9.99461E-05 9.99461E-05 9.99461E-05 0.648969 9.99461E-05 9.99461E-05 9.99461E-05 0.0580563 1
99: 0.0982291 9.997E-05 9.997E-05 0.149936 9.997E-05 0.00310166 0.00985327 0.00757585 0.731004 1
100: 9.99551E-05 0.0633923 9.99551E-05 9.99551E-05 0.016253 9.99551E-05 0.918434 0.00142067 9.99551E-05 1
101: 9.99371E-05 9.99371E-05 9.99371E-05 0.00994959 9.99371E-05 9.99371E-05 0.989351 9.99371E-05 9.99371E-05 1
102: 9.99371E-05 9.99371E-05 9.99371E-05 9.99371E-05 0.00260357 9.99371E-05 0.996697 9.99371E-05 9.99371E-05 1
103: 0.000468194 0.0168478 9.99641E-05 9.99641E-05 9.99641E-05 0.0397375 0.939879 0.00266796 9.99641E-05 1
104: 9.993E-05 9.993E-05 9.993E-05 9.993E-05 9.993E-05 9.993E-05 0.999201 9.993E-05 9.993E-05 1
105: 9.993E-05 9.993E-05 9.993E-05 9.993E-05 9.993E-05 9.993E-05 0.999201 9.993E-05 9.993E-05 1
106: 9.9973E-05 0.0024711 0.704875 0.0452913 0.0058798 9.9973E-05 0.0376732 0.20351 9.9973E-05 1
107: 9.99371E-05 9.99371E-05 9.99371E-05 9.99371E-05 9.99371E-05 0.0174702 0.98183 9.99371E-05 9.99371E-05 1
108: 9.99551E-05 0.0242186 0.0060207 9.99551E-05 9.99551E-05 9.99551E-05 0.956559 0.0127016 9.99551E-05 1
109: 9.9937E-05 0.0266717 9.9937E-05 9.9937E-05 9.9937E-05 9.9937E-05 0.972629 9.9937E-05 9.9937E-05 1
110: 9.99461E-05 0.0388949 0.00787158 9.99461E-05 9.99461E-05 9.99461E-05 0.952634 9.99461E-05 9.99461E-05 1
111: 0.0890093 0.00967726 9.9982E-05 0.0551158 0.771474 0.0246322 0.0109167 9.9982E-05 0.0389747 1
112: 9.993E-05 0.999201 9.993E-05 9.993E-05 9.993E-05 9.993E-05 9.993E-05 9.993E-05 9.993E-05 1
113: 9.9937E-05 9.9937E-05 0.215318 9.9937E-05 9.9937E-05 9.9937E-05 9.9937E-05 0.783982 9.9937E-05 1
114: 0.0102417 9.99551E-05 0.955275 9.99551E-05 9.99551E-05 9.99551E-05 0.0202047 0.0137791 9.99551E-05 1
115: 9.9955E-05 0.767625 0.0140791 9.9955E-05 9.9955E-05 0.181033 0.0367626 9.9955E-05 9.9955E-05 1
116: 9.993E-05 9.993E-05 9.993E-05 9.993E-05 9.993E-05 0.999201 9.993E-05 9.993E-05 9.993E-05 1
117: 9.9973E-05 0.552065 9.9973E-05 0.0366355 0.00431823 0.35007 0.0437114 0.0129003 9.9973E-05 1
118: 9.9964E-05 0.431172 0.028532 9.9964E-05 0.00739162 0.482813 0.0496911 9.9964E-05 9.9964E-05 1
119: 9.9955E-05 9.9955E-05 0.868665 9.9955E-05 9.9955E-05 0.00602102 0.0101833 0.114631 9.9955E-05 1

1: 0.496223 0.276135 9.9964E-05 9.9964E-05 9.9964E-05 9.9964E-05 0.00604644 0.215816 0.00537957 1
2: 9.993E-05 0.999201 9.993E-05 9.993E-05 9.993E-05 9.993E-05 9.993E-05 9.993E-05 9.993E-05 1
3: 0.999201 9.993E-05 9.993E-05 9.993E-05 9.993E-05 9.993E-05 9.993E-05 9.993E-05 9.993E-05 1
4: 0.0683284 0.695532 9.9964E-05 0.0389888 9.9964E-05 9.9964E-05 9.9964E-05 0.194476 0.00227545 1
5: 0.0185021 0.000119868 9.9964E-05 0.0159152 9.9964E-05 9.9964E-05 9.9964E-05 0.00651631 0.958547 1
6: 9.9955E-05 0.0534591 0.0094919 0.0125186 9.9955E-05 9.9955E-05 9.9955E-05 9.9955E-05 0.924031 1
7: 0.559431 0.384667 9.9964E-05 9.9964E-05 9.9964E-05 0.0248177 9.9964E-05 0.0248999 0.00578488 1
8: 9.993E-05 0.999201 9.993E-05 9.993E-05 9.993E-05 9.993E-05 9.993E-05 9.993E-05 9.993E-05 1
9: 0.237724 0.6921 9.9964E-05 9.9964E-05 0.0185196 9.9964E-05 9.9964E-05 0.0366073 0.0146494 1
10: 9.9937E-05 9.9937E-05 0.794864 0.204436 9.9937E-05 9.9937E-05 9.9937E-05 9.9937E-05 9.9937E-05 1
11: 9.9955E-05 9.9955E-05 0.0654891 9.9955E-05 0.690233 0.24205 0.00172759 9.9955E-05 9.9955E-05 1
12: 9.9964E-05 0.00674025 9.9964E-05 0.668982 0.108595 9.9964E-05 0.20554 9.9964E-05 0.00974239 1
13: 9.993E-05 9.993E-05 9.993E-05 0.999201 9.993E-05 9.993E-05 9.993E-05 9.993E-05 9.993E-05 1
14: 0.0131962 9.9955E-05 0.00862134 0.307534 0.670149 9.9955E-05 9.9955E-05 9.9955E-05 9.9955E-05 1
15: 0.165786 0.0738263 9.99731E-05 9.99731E-05 0.0470498 0.0437268 0.0602907 9.99731E-05 0.60902 1
16: 0.575373 0.392135 9.9955E-05 9.9955E-05 0.0237969 9.9955E-05 9.9955E-05 0.00819527 9.9955E-05 1
17: 0.42363 0.546329 0.0237566 9.9955E-05 9.9955E-05 9.9955E-05 9.9955E-05 0.00578388 9.9955E-05 1
18: 9.993E-05 0.999201 9.993E-05 9.993E-05 9.993E-05 9.993E-05 9.993E-05 9.993E-05 9.993E-05 1
19: 9.993E-05 0.999201 9.993E-05 9.993E-05 9.993E-05 9.993E-05 9.993E-05 9.993E-05 9.993E-05 1
20: 0.566051 0.347879 9.9964E-05 9.9964E-05 9.9964E-05 0.0101264 9.9964E-05 0.0501365 0.0254072 1
21: 0.933451 9.99371E-05 9.99371E-05 9.99371E-05 9.99371E-05 9.99371E-05 9.99371E-05 0.0658491 9.99371E-05 1
22: 0.999201 9.993E-05 9.993E-05 9.993E-05 9.993E-05 9.993E-05 9.993E-05 9.993E-05 9.993E-05 1
23: 9.9946E-05 0.0415219 9.9946E-05 0.0231033 9.9946E-05 9.9946E-05 9.9946E-05 9.9946E-05 0.934775 1
24: 9.9937E-05 9.9937E-05 0.0760304 9.9937E-05 9.9937E-05 9.9937E-05 0.92327 9.9937E-05 9.9937E-05 1
25: 9.9946E-05 9.9946E-05 9.9946E-05 0.0063091 9.9946E-05 9.9946E-05 9.9946E-05 0.000208629 0.992883 1
26: 9.993E-05 9.993E-05 9.993E-05 9.993E-05 9.993E-05 9.993E-05 9.993E-05 0.999201 9.993E-05 1
27: 9.993E-05 9.993E-05 9.993E-05 9.993E-05 9.993E-05 9.993E-05 9.993E-05 9.993E-05 0.999201 1
28: 9.993E-05 9.993E-05 9.993E-05 9.993E-05 9.993E-05 9.993E-05 9.993E-05 9.993E-05 0.999201 1
29: 9.993E-05 9.993E-05 9.993E-05 9.993E-05 9.993E-05 9.993E-05 9.993E-05 9.993E-05 0.999201 1
30: 9.9937E-05 9.9937E-05 9.9937E-05 9.9937E-05 9.9937E-05 9.9937E-05 9.9937E-05 0.0067462 0.992554 1
31: 9.99371E-05 9.99371E-05 9.99371E-05 0.00413271 9.99371E-05 9.99371E-05 9.99371E-05 9.99371E-05 0.995168 1
32: 9.993E-05 9.993E-05 9.993E-05 9.993E-05 9.993E-05 9.993E-05 9.993E-05 9.993E-05 0.999201 1
33: 9.993E-05 9.993E-05 9.993E-05 9.993E-05 9.993E-05 9.993E-05 9.993E-05 0.999201 9.993E-05 1
34: 9.9973E-05 0.00104364 0.260865 0.0259936 9.9973E-05 0.0778781 0.611755 9.9973E-05 0.0221649 1
35: 9.9937E-05 9.9937E-05 9.9937E-05 9.9937E-05 9.9937E-05 9.9937E-05 9.9937E-05 0.992846 0.00645399 1
36: 9.993E-05 9.993E-05 9.993E-05 9.993E-05 9.993E-05 9.993E-05 0.999201 9.993E-05 9.993E-05 1
37: 0.0140397 9.99461E-05 9.99461E-05 9.99461E-05 9.99461E-05 9.99461E-05 9.99461E-05 0.965947 0.0194137 1
38: 9.99461E-05 9.99461E-05 9.99461E-05 9.99461E-05 0.00869243 9.99461E-05 9.99461E-05 0.985371 0.00533659 1
39: 9.9937E-05 9.9937E-05 9.9937E-05 0.120539 9.9937E-05 9.9937E-05 0.878761 9.9937E-05 9.9937E-05 1
40: 9.9946E-05 9.9946E-05 9.9946E-05 0.176373 9.9946E-05 0.0149848 0.808042 9.9946E-05 9.9946E-05 1
41: 0.0636427 9.9946E-05 9.9946E-05 0.0081967 9.9946E-05 9.9946E-05 9.9946E-05 0.927561 9.9946E-05 1
42: 9.9955E-05 0.000357015 9.9955E-05 0.0177744 9.9955E-05 9.9955E-05 0.962975 9.9955E-05 0.018394 1
43: 9.9946E-05 9.9946E-05 0.000374255 9.9946E-05 9.9946E-05 9.9946E-05 9.9946E-05 0.977914 0.0211116 1
44: 9.9955E-05 9.9955E-05 9.9955E-05 0.0626432 0.426601 0.487091 9.9955E-05 9.9955E-05 0.0231651 1
45: 9.9964E-05 9.9964E-05 0.025732 0.565496 0.0754457 0.318082 9.9964E-05 9.9964E-05 0.0148441 1
46: 9.9946E-05 0.0315186 0.00383609 9.9946E-05 0.964046 9.9946E-05 9.9946E-05 9.9946E-05 9.9946E-05 1
47: 9.9964E-05 9.9964E-05 9.9964E-05 9.9964E-05 0.909736 0.00196708 0.0743869 0.00304879 0.0104616 1
48: 9.9955E-05 9.9955E-05 9.9955E-05 0.574331 0.296203 0.122667 0.00629836 9.9955E-05 9.9955E-05 1
49: 9.9964E-05 9.9964E-05 0.0499074 0.611716 0.157773 0.048762 0.131442 9.9964E-05 9.9964E-05 1
50: 9.996E-05 9.996E-05 0.0903803 0.160737 0.460317 0.0827569 0.20541 9.996E-05 9.996E-05 1
51: 0.00244877 0.0157943 9.9964E-05 9.9964E-05 0.927869 0.0446426 9.9964E-05 9.9964E-05 0.00884566 1
52: 9.9964E-05 0.0236113 0.00702649 9.9964E-05 0.670644 0.196283 0.102035 9.9964E-05 9.9964E-05 1
53: 9.99461E-05 9.99461E-05 0.0553365 0.0798111 0.864253 9.99461E-05 9.99461E-05 9.99461E-05 9.99461E-05 1
54: 9.9973E-05 9.9973E-05 0.0418044 0.28214 0.402198 0.0907348 0.177985 9.9973E-05 0.00483774 1
55: 9.993E-05 9.993E-05 0.999201 9.993E-05 9.993E-05 9.993E-05 9.993E-05 9.993E-05 9.993E-05 1
56: 9.9937E-05 9.9937E-05 9.9937E-05 9.9937E-05 0.935612 0.0636886 9.9937E-05 9.9937E-05 9.9937E-05 1
57: 9.9964E-05 9.9964E-05 0.3476 0.0144739 0.567895 9.9964E-05 0.0599906 0.00964151 9.9964E-05 1
58: 9.99371E-05 9.99371E-05 9.99371E-05 9.99371E-05 9.99371E-05 9.99371E-05 0.00504545 0.994255 9.99371E-05 1
59: 0.0252376 0.040841 9.99551E-05 9.99551E-05 9.99551E-05 9.99551E-05 9.99551E-05 0.91468 0.0187414 1
60: 9.9964E-05 0.0336859 0.0114087 9.9964E-05 9.9964E-05 9.9964E-05 0.00958313 0.940381 0.0045418 1
61: 9.99371E-05 9.99371E-05 9.99371E-05 0.000384647 0.998916 9.99371E-05 9.99371E-05 9.99371E-05 9.99371E-05 1
62: 9.9946E-05 9.9946E-05 9.9946E-05 0.920435 9.9946E-05 0.0724257 9.9946E-05 0.00653937 9.9946E-05 1
63: 9.9955E-05 0.0163299 9.9955E-05 0.32339 0.451277 0.208503 9.9955E-05 9.9955E-05 9.9955E-05 1
64: 9.9955E-05 9.9955E-05 9.9955E-05 0.365892 0.554302 0.0677093 9.9955E-05 0.0115969 9.9955E-05 1
65: 9.9946E-05 9.9946E-05 9.9946E-05 0.560098 0.401743 0.037559 9.9946E-05 9.9946E-05 9.9946E-05 1
66: 9.9964E-05 9.9964E-05 0.0646238 0.510178 0.336834 0.0145943 0.0733696 9.9964E-05 9.9964E-05 1
67: 0.00652174 9.9982E-05 0.0581126 0.148743 0.67696 0.087228 0.0113921 0.0108422 9.9982E-05 1
68: 9.99439E-05 9.99439E-05 0.854734 0.144566 9.99439E-05 9.99439E-05 9.99439E-05 9.99439E-05 9.99439E-05 1
69: 9.9937E-05 9.9937E-05 0.286438 0.712862 9.9937E-05 9.9937E-05 9.9937E-05 9.9937E-05 9.9937E-05 1
70: 9.993E-05 9.993E-05 9.993E-05 9.993E-05 9.993E-05 0.999201 9.993E-05 9.993E-05 9.993E-05 1
71: 0.00487999 9.9964E-05 9.9964E-05 9.9964E-05 0.837693 0.127936 0.0255326 0.00355925 9.9964E-05 1
72: 0.0196828 9.9982E-05 0.272163 0.363906 0.145586 9.9982E-05 0.166641 0.0251553 0.00666679 1
73: 9.9955E-05 9.9955E-05 9.9955E-05 0.33603 0.512274 0.0401213 0.111075 9.9955E-05 9.9955E-05 1
74: 9.9946E-05 9.9946E-05 0.308039 0.229125 0.462236 9.9946E-05 9.9946E-05 9.9946E-05 9.9946E-05 1
75: 9.9955E-05 9.9955E-05 0.405261 0.354839 0.127326 9.9955E-05 0.112073 9.9955E-05 9.9955E-05 1
76: 9.9955E-05 0.00235017 9.9955E-05 0.95333 9.9955E-05 0.0253617 0.0184578 9.9955E-05 9.9955E-05 1
77: 0.0218441 9.9982E-05 0.209321 0.586244 0.0218739 0.106282 0.0496118 0.00462278 9.9982E-05 1
78: 9.9973E-05 9.9973E-05 0.151195 0.475091 0.225317 0.0669533 0.0721218 0.00902123 9.9973E-05 1
79: 9.9937E-05 9.9937E-05 9.9937E-05 0.837032 9.9937E-05 9.9937E-05 0.162269 9.9937E-05 9.9937E-05 1
80: 0.0222661 9.9955E-05 9.9955E-05 0.955401 9.9955E-05 9.9955E-05 9.9955E-05 0.016866 0.00496746 1
81: 9.9946E-05 9.9946E-05 9.9946E-05 0.311984 0.324603 0.362814 9.9946E-05 9.9946E-05 9.9946E-05 1
82: 9.9964E-05 0.0136229 9.9964E-05 9.9964E-05 0.230248 0.704924 0.0496452 9.9964E-05 0.00116017 1
83: 9.9964E-05 9.9964E-05 0.238355 0.114776 0.190315 0.240946 0.215208 9.9964E-05 9.9964E-05 1
84: 9.9964E-05 0.0385477 0.301932 9.9964E-05 9.9964E-05 0.598314 0.0585542 9.9964E-05 0.0022516 1
85: 9.99461E-05 0.0176537 9.99461E-05 0.279231 0.702516 9.99461E-05 9.99461E-05 9.99461E-05 9.99461E-05 1
86: 9.9964E-05 0.00390502 9.9964E-05 0.28062 0.171581 0.4079 0.135594 9.9964E-05 9.9964E-05 1
87: 9.9973E-05 9.9973E-05 0.11576 0.510583 0.281764 0.0231952 0.0629421 9.9973E-05 0.00545654 1
88: 9.9946E-05 9.9946E-05 9.9946E-05 9.9946E-05 0.339845 0.546284 0.113271 9.9946E-05 9.9946E-05 1
89: 9.9964E-05 9.9964E-05 9.9964E-05 0.314011 0.500488 0.155061 0.0141539 0.0158868 9.9964E-05 1
90: 9.9946E-05 9.9946E-05 9.9946E-05 0.264869 9.9946E-05 0.65345 0.0810816 9.9946E-05 9.9946E-05 1
91: 0.00687063 9.9955E-05 0.485028 9.9955E-05 9.9955E-05 0.506479 9.9955E-05 9.9955E-05 0.00112291 1
92: 9.993E-05 9.993E-05 9.993E-05 9.993E-05 9.993E-05 0.999201 9.993E-05 9.993E-05 9.993E-05 1
93: 9.9955E-05 9.9955E-05 9.9955E-05 0.52738 0.0892098 0.254672 0.128238 9.9955E-05 9.9955E-05 1
94: 9.9971E-05 0.00931263 9.9971E-05 0.315086 0.569043 0.0902674 9.9971E-05 9.9971E-05 0.0158913 1
95: 9.9973E-05 9.9973E-05 9.9973E-05 0.0744161 0.685743 0.17936 0.0505128 0.00829162 0.00137607 1
96: 9.9964E-05 9.9964E-05 0.0370667 0.185927 0.167675 0.497324 0.111608 9.9964E-05 9.9964E-05 1
97: 9.9955E-05 9.9955E-05 9.9955E-05 0.367868 9.9955E-05 0.541534 0.0893139 0.000784154 9.9955E-05 1
98: 9.9973E-05 9.9973E-05 0.146314 0.345377 0.069568 0.253608 0.170322 9.9973E-05 0.0145104 1
99: 9.9964E-05 9.9964E-05 0.0503225 9.9964E-05 0.791434 0.134805 9.9964E-05 0.0117564 0.0112824 1
100: 9.99371E-05 0.0694174 9.99371E-05 9.99371E-05 9.99371E-05 9.99371E-05 9.99371E-05 0.929883 9.99371E-05 1
101: 9.9946E-05 9.9946E-05 9.9946E-05 9.9946E-05 9.9946E-05 0.00238807 0.00553235 0.99148 9.9946E-05 1
102: 9.993E-05 9.993E-05 9.993E-05 9.993E-05 9.993E-05 9.993E-05 9.993E-05 0.999201 9.993E-05 1
103: 0.0168765 0.0681922 9.99551E-05 9.99551E-05 9.99551E-05 9.99551E-05 9.99551E-05 0.900721 0.0137106 1
104: 9.99551E-05 0.00115004 9.99551E-05 9.99551E-05 0.0177535 9.99551E-05 9.99551E-05 0.979346 0.00125053 1
105: 9.9937E-05 9.9937E-05 9.9937E-05 9.9937E-05 9.9937E-05 9.9937E-05 0.0147852 0.984515 9.9937E-05 1
106: 0.0292217 0.0191133 0.0624221 9.9973E-05 0.00745609 9.9973E-05 9.9973E-05 0.0184009 0.863086 1
107: 0.0363939 9.9937E-05 9.9937E-05 9.9937E-05 9.9937E-05 9.9937E-05 9.9937E-05 0.962907 9.9937E-05 1
108: 9.99461E-05 0.051948 9.99461E-05 9.99461E-05 9.99461E-05 9.99461E-05 9.99461E-05 0.941857 0.00559497 1
109: 9.9955E-05 0.0198442 0.000829799 0.00116055 9.9955E-05 9.9955E-05 9.9955E-05 0.977666 9.9955E-05 1
110: 0.0212871 0.0101844 9.9964E-05 9.9964E-05 9.9964E-05 9.9964E-05 0.013984 0.953481 0.000663332 1
111: 9.9982E-05 0.0177443 0.27307 0.00111504 0.112247 0.0128656 0.582493 0.000264689 9.9982E-05 1
112: 9.993E-05 0.999201 9.993E-05 9.993E-05 9.993E-05 9.993E-05 9.993E-05 9.993E-05 9.993E-05 1
113: 9.99641E-05 0.0910593 9.99641E-05 9.99641E-05 9.99641E-05 0.0514027 0.0154196 0.0265669 0.815152 1
114: 9.99461E-05 9.99461E-05 0.00643334 9.99461E-05 9.99461E-05 9.99461E-05 9.99461E-05 0.00758936 0.985378 1
115: 0.108409 0.830445 9.9964E-05 9.9964E-05 0.0042825 9.9964E-05 9.9964E-05 0.0492775 0.00718624 1
116: 0.999201 9.993E-05 9.993E-05 9.993E-05 9.993E-05 9.993E-05 9.993E-05 9.993E-05 9.993E-05 1
117: 0.37524 0.528005 9.9964E-05 9.9964E-05 9.9964E-05 9.9964E-05 0.0199062 0.0731945 0.0032543 1
118: 0.524617 0.392762 9.9964E-05 9.9964E-05 9.9964E-05 0.0176619 9.9964E-05 0.0395471 0.0250125 1
119: 9.99371E-05 0.0291193 9.99371E-05 9.99371E-05 9.99371E-05 9.99371E-05 9.99371E-05 9.99371E-05 0.970181 1

1: 9.99551E-05 0.506445 9.99551E-05 0.166681 9.99551E-05 9.99551E-05 0.321099 9.99551E-05 0.00527623 1
2: 9.993E-05 9.993E-05 9.993E-05 9.993E-05 9.993E-05 9.993E-05 0.999201 9.993E-05 9.993E-05 1
3: 9.993E-05 0.999201 9.993E-05 9.993E-05 9.993E-05 9.993E-05 9.993E-05 9.993E-05 9.993E-05 1
4: 9.99551E-05 0.0650813 0.0253535 0.182884 9.99551E-05 9.99551E-05 0.726182 9.99551E-05 9.99551E-05 1
5: 0.0104584 0.0256922 0.000992145 0.000187604 9.9973E-05 9.9973E-05 9.9973E-05 0.00753169 0.954838 1
6: 0.0163798 9.9964E-05 0.00697355 9.9964E-05 0.0143436 9.9964E-05 0.0169031 9.9964E-05 0.945 1
7: 9.9964E-05 0.708808 9.9964E-05 0.0336436 0.01234 9.9964E-05 0.239826 9.9964E-05 0.00498259 1
8: 9.993E-05 9.993E-05 9.993E-05 9.993E-05 9.993E-05 9.993E-05 0.999201 9.993E-05 9.993E-05 1
9: 0.00358747 0.245624 9.9955E-05 0.0404497 9.9955E-05 9.9955E-05 0.70984 9.9955E-05 9.9955E-05 1
10: 9.99371E-05 9.99371E-05 0.945192 9.99371E-05 9.99371E-05 0.0541087 9.99371E-05 9.99371E-05 9.99371E-05 1
11: 0.150519 9.9955E-05 9.9955E-05 9.9955E-05 0.00995069 0.664706 9.9955E-05 0.174325 9.9955E-05 1
12: 0.0542595 0.00131517 0.694747 0.00722861 0.137888 0.0744382 9.9982E-05 9.9982E-05 0.0299234 1
13: 9.993E-05 9.993E-05 0.999201 9.993E-05 9.993E-05 9.993E-05 9.993E-05 9.993E-05 9.993E-05 1
14: 9.996E-05 0.0193071 0.323969 9.996E-05 0.00966216 0.594684 9.996E-05 0.0519777 9.996E-05 1
15: 9.996E-05 0.106575 9.996E-05 9.996E-05 0.0197157 0.125827 0.137677 9.996E-05 0.609804 1
16: 9.996E-05 0.585986 9.996E-05 0.00610855 9.996E-05 0.0379581 0.350106 9.996E-05 0.0194409 1
17: 9.9955E-05 0.475788 9.9955E-05 9.9955E-05 0.00726792 0.0107363 0.505708 9.9955E-05 9.9955E-05 1
18: 9.993E-05 9.993E-05 9.993E-05 9.993E-05 9.993E-05 9.993E-05 0.999201 9.993E-05 9.993E-05 1
19: 9.993E-05 9.993E-05 9.993E-05 9.993E-05 9.993E-05 9.993E-05 0.999201 9.993E-05 9.993E-05 1
20: 9.9964E-05 0.721863 0.0221416 0.0332688 0.000256757 9.9964E-05 0.22207 9.9964E-05 9.9964E-05 1
21: 9.99371E-05 0.914079 9.99371E-05 0.0852212 9.99371E-05 9.99371E-05 9.99371E-05 9.99371E-05 9.99371E-05 1
22: 9.993E-05 0.999201 9.993E-05 9.993E-05 9.993E-05 9.993E-05 9.993E-05 9.993E-05 9.993E-05 1
23: 0.02556 9.9955E-05 9.9955E-05 9.9955E-05 0.00719554 9.9955E-05 0.0490024 9.9955E-05 0.917742 1
24: 9.9937E-05 9.9937E-05 9.9937E-05 9.9937E-05 0.989095 9.9937E-05 9.9937E-05 0.0102053 9.9937E-05 1
25: 9.9937E-05 9.9937E-05 9.9937E-05 0.00999223 9.9937E-05 9.9937E-05 9.9937E-05 9.9937E-05 0.989308 1
26: 9.993E-05 9.993E-05 9.993E-05 0.999201 9.993E-05 9.993E-05 9.993E-05 9.993E-05 9.993E-05 1
27: 9.993E-05 9.993E-05 9.993E-05 9.993E-05 9.993E-05 9.993E-05 9.993E-05 9.993E-05 0.999201 1
28: 9.993E-05 9.993E-05 9.993E-05 9.993E-05 9.993E-05 9.993E-05 9.993E-05 9.993E-05 0.999201 1
29: 9.993E-05 9.993E-05 9.993E-05 9.993E-05 9.993E-05 9.993E-05 9.993E-05 9.993E-05 0.999201 1
30: 9.9955E-05 9.9955E-05 9.9955E-05 0.025498 0.00633807 9.9955E-05 9.9955E-05 0.00229331 0.965371 1
31: 0.00737468 9.99371E-05 9.99371E-05 9.99371E-05 9.99371E-05 9.99371E-05 9.99371E-05 9.99371E-05 0.991926 1
32: 9.993E-05 9.993E-05 9.993E-05 9.993E-05 9.993E-05 9.993E-05 9.993E-05 9.993E-05 0.999201 1
33: 0.00903648 9.9946E-05 9.9946E-05 0.987796 0.00256743 9.9946E-05 9.9946E-05 9.9946E-05 9.9946E-05 1
34: 9.9973E-05 9.9973E-05 0.205302 9.9973E-05 0.668109 0.0356028 0.00243365 0.0504087 0.0378439 1
35: 9.9946E-05 9.9946E-05 9.9946E-05 0.986736 9.9946E-05 9.9946E-05 9.9946E-05 0.00209444 0.0105699 1
36: 9.993E-05 9.993E-05 9.993E-05 9.993E-05 0.999201 9.993E-05 9.993E-05 9.993E-05 9.993E-05 1
37: 9.99461E-05 9.99461E-05 9.99461E-05 0.971096 9.99461E-05 0.00200427 9.99461E-05 9.99461E-05 0.0263005 1
38: 9.993E-05 9.993E-05 9.993E-05 0.999201 9.993E-05 9.993E-05 9.993E-05 9.993E-05 9.993E-05 1
39: 9.9937E-05 9.9937E-05 0.053944 9.9937E-05 0.945356 9.9937E-05 9.9937E-05 9.9937E-05 9.9937E-05 1
40: 9.9937E-05 9.9937E-05 0.146996 9.9937E-05 0.852304 9.9937E-05 9.9937E-05 9.9937E-05 9.9937E-05 1
41: 0.0231483 0.0556542 9.9946E-05 0.920598 9.9946E-05 9.9946E-05 9.9946E-05 9.9946E-05 9.9946E-05 1
42: 9.9946E-05 9.9946E-05 0.00877349 9.9946E-05 0.98954 9.9946E-05 9.9946E-05 9.9946E-05 0.00108656 1
43: 9.9946E-05 9.9946E-05 9.9946E-05 0.969269 9.9946E-05 9.9946E-05 9.9946E-05 0.000475147 0.0296565 1
44: 9.9964E-05 9.9964E-05 0.0166558 9.9964E-05 0.0141469 0.467568 9.9964E-05 0.493383 0.00784631 1
45: 0.453773 9.9955E-05 0.339926 9.9955E-05 9.9955E-05 9.9955E-05 9.9955E-05 0.190436 0.0153653 1
46: 0.348409 9.9946E-05 9.9946E-05 9.9946E-05 9.9946E-05 0.650523 0.00046859 9.9946E-05 9.9946E-05 1
47: 0.314447 9.9973E-05 0.0172862 0.0270112 0.0171194 0.595583 9.9973E-05 0.0282529 9.9973E-05 1
48: 0.113164 9.9964E-05 0.575297 9.9964E-05 0.0333081 0.109919 9.9964E-05 0.167912 9.9964E-05 1
49: 0.109555 9.9964E-05 0.652553 9.9964E-05 0.148093 0.0671523 9.9964E-05 0.0222465 9.9964E-05 1
50: 0.00978885 9.99641E-05 0.222181 9.99641E-05 0.2625 0.420189 9.99641E-05 0.0849418 9.99641E-05 1
51: 0.0344515 9.995E-05 9.995E-05 9.995E-05 9.995E-05 0.894908 0.0181608 0.0519799 9.995E-05 1
52: 0.445053 9.9973E-05 9.9973E-05 9.9973E-05 0.00383226 0.366341 0.0120614 0.15731 0.0151015 1
53: 0.19622 9.9964E-05 0.0829384 9.9964E-05 0.0195754 0.694157 9.9964E-05 9.9964E-05 0.00670903 1
54: 0.126764 9.9964E-05 0.225715 9.9964E-05 0.247209 0.257223 9.9964E-05 0.142689 9.9964E-05 1
55: 9.9955E-05 9.9955E-05 0.704075 9.9955E-05 0.0322948 0.143319 9.9955E-05 0.119811 9.9955E-05 1
56: 9.9937E-05 9.9937E-05 9.9937E-05 9.9937E-05 9.9937E-05 0.963265 9.9937E-05 0.036035 9.9937E-05 1
57: 9.9955E-05 9.9955E-05 0.267097 9.9955E-05 0.0750495 0.654895 9.9955E-05 0.00245841 9.9955E-05 1
58: 9.993E-05 9.993E-05 9.993E-05 0.999201 9.993E-05 9.993E-05 9.993E-05 9.993E-05 9.993E-05 1
59: 9.99372E-05 0.0393812 9.99372E-05 0.959919 9.99372E-05 9.99372E-05 9.99372E-05 9.99372E-05 9.99372E-05 1
60: 0.0356781 0.0288124 9.9982E-05 0.89647 0.00829507 9.9982E-05 0.0257735 0.00283431 0.00193687 1
61: 0.0151346 9.99461E-05 9.99461E-05 9.99461E-05 9.99461E-05 0.936735 9.99461E-05 0.0475307 9.99461E-05 1
62: 0.122292 9.9955E-05 0.823866 0.00428217 0.0490608 9.9955E-05 9.9955E-05 9.9955E-05 9.9955E-05 1
63: 0.981914 9.9937E-05 9.9937E-05 9.9937E-05 9.9937E-05 9.9937E-05 9.9937E-05 0.0173869 9.9937E-05 1
64: 0.999201 9.993E-05 9.993E-05 9.993E-05 9.993E-05 9.993E-05 9.993E-05 9.993E-05 9.993E-05 1
65: 9.9955E-05 9.9955E-05 0.558775 9.9955E-05 0.0351838 0.374394 9.9955E-05 0.0311475 9.9955E-05 1
66: 0.000134171 0.00156222 0.524366 9.9973E-05 0.122152 0.322908 9.9973E-05 0.0285777 9.9973E-05 1
67: 0.160018 0.0134936 0.122892 0.00739281 0.0956595 0.538357 9.998E-05 0.0619876 9.998E-05 1
68: 9.99461E-05 9.99461E-05 0.970417 9.99461E-05 9.99461E-05 0.0271315 0.00185143 9.99461E-05 9.99461E-05 1
69: 9.993E-05 9.993E-05 0.999201 9.993E-05 9.993E-05 9.993E-05 9.993E-05 9.993E-05 9.993E-05 1
70: 9.993E-05 9.993E-05 9.993E-05 9.993E-05 9.993E-05 9.993E-05 9.993E-05 0.999201 9.993E-05 1
71: 0.0988294 9.9964E-05 9.9964E-05 0.0112282 9.9964E-05 0.800808 0.00113399 0.0876009 9.9964E-05 1
72: 0.0215029 9.9973E-05 0.565394 9.9973E-05 0.171013 0.187616 0.0298766 9.9973E-05 0.0242969 1
73: 9.9955E-05 9.9955E-05 0.217574 9.9955E-05 0.236901 0.519781 9.9955E-05 0.0252432 9.9955E-05 1
74: 0.0306788 9.9946E-05 0.47835 9.9946E-05 9.9946E-05 0.490372 9.9946E-05 9.9946E-05 9.9946E-05 1
75: 9.99461E-05 9.99461E-05 0.532141 9.99461E-05 0.230794 0.236465 9.99461E-05 9.99461E-05 9.99461E-05 1
76: 0.00350823 0.00725939 0.940199 9.9955E-05 0.0485333 9.9955E-05 9.9955E-05 9.9955E-05 9.9955E-05 1
77: 9.9973E-05 9.9973E-05 0.770831 0.00648028 0.118187 0.0183065 0.0292974 0.0565981 9.9973E-05 1
78: 0.0932252 9.9973E-05 0.435898 0.0169715 0.160107 0.230942 9.9973E-05 0.0625564 9.9973E-05 1
79: 9.9946E-05 9.9946E-05 0.807965 9.9946E-05 0.173025 9.9946E-05 9.9946E-05 9.9946E-05 0.0184107 1
80: 0.000266667 9.9955E-05 0.956681 0.0348781 9.9955E-05 9.9955E-05 9.9955E-05 9.9955E-05 0.00767458 1
81: 9.9946E-05 9.9946E-05 0.278663 9.9946E-05 9.9946E-05 0.329206 9.9946E-05 0.391531 9.9946E-05 1
82: 0.164649 0.0312153 9.9964E-05 9.9964E-05 0.0250327 0.05081 9.9964E-05 0.727893 9.9964E-05 1
83: 0.193269 9.9964E-05 0.318158 9.9964E-05 0.172813 0.100674 9.9964E-05 0.214687 9.9964E-05 1
84: 9.9964E-05 9.9964E-05 0.127856 9.9964E-05 0.145645 9.9964E-05 0.0304653 0.680457 0.0151771 1
85: 0.569295 9.9955E-05 0.0586351 9.9955E-05 0.0586593 0.31291 9.9955E-05 9.9955E-05 9.9955E-05 1
86: 0.271038 9.9964E-05 0.233461 0.00138986 0.148319 9.9964E-05 9.9964E-05 0.345393 9.9964E-05 1
87: 0.0656416 9.9982E-05 0.578971 9.9982E-05 0.0787913 0.159357 0.00338877 0.095839 0.0178111 1
88: 9.9946E-05 9.9946E-05 9.9946E-05 9.9946E-05 0.101029 0.310739 9.9946E-05 0.587632 9.9946E-05 1
89: 9.9964E-05 9.9964E-05 0.308719 9.9964E-05 0.0288597 0.547138 0.011668 0.103215 9.9964E-05 1
90: 9.9946E-05 9.9946E-05 0.265751 9.9946E-05 0.06505 9.9946E-05 9.9946E-05 0.668599 9.9946E-05 1
91: 9.9973E-05 0.0134861 0.322242 0.00263493 9.9973E-05 0.01529 9.9973E-05 0.627266 0.0187812 1
92: 9.993E-05 9.993E-05 9.993E-05 9.993E-05 9.993E-05 9.993E-05 9.993E-05 0.999201 9.993E-05 1
93: 0.198214 9.9964E-05 0.374941 9.9964E-05 0.224377 9.9964E-05 0.000878397 0.20119 9.9964E-05 1
94: 0.0767175 9.9982E-05 0.260329 9.9982E-05 0.0421559 0.537146 0.0185932 0.0615484 0.00331024 1
95: 9.99551E-05 9.99551E-05 0.0644527 9.99551E-05 0.0298073 0.723301 9.99551E-05 0.181939 9.99551E-05 1
96: 0.121375 9.9965E-05 0.207127 9.9965E-05 0.0739515 0.108049 9.9965E-05 0.489097 9.9965E-05 1
97: 9.9946E-05 9.9946E-05 0.31259 9.9946E-05 0.131383 9.9946E-05 9.9946E-05 0.555427 9.9946E-05 1
98: 0.0194541 9.9973E-05 0.554271 9.9973E-05 0.121381 0.00484516 9.9973E-05 0.290898 0.00885077 1
99: 0.160048 9.9973E-05 0.000816392 0.0211097 9.9973E-05 0.735804 9.9973E-05 0.0661546 0.0157675 1
100: 9.99371E-05 9.99371E-05 9.99371E-05 0.946931 9.99371E-05 9.99371E-05 0.0523695 9.99371E-05 9.99371E-05 1
101: 0.00779411 9.9955E-05 9.9955E-05 0.984145 0.00110181 9.9955E-05 0.00645958 9.9955E-05 9.9955E-05 1
102: 9.993E-05 9.993E-05 9.993E-05 0.999201 9.993E-05 9.993E-05 9.993E-05 9.993E-05 9.993E-05 1
103: 9.99371E-05 0.0845074 9.99371E-05 0.914793 9.99371E-05 9.99371E-05 9.99371E-05 9.99371E-05 9.99371E-05 1
104: 0.00387352 9.99461E-05 9.99461E-05 0.987196 0.00833054 9.99461E-05 9.99461E-05 9.99461E-05 9.99461E-05 1
105: 9.9937E-05 9.9937E-05 0.0324113 0.966889 9.9937E-05 9.9937E-05 9.9937E-05 9.9937E-05 9.9937E-05 1
106: 0.0716024 9.99551E-05 9.99551E-05 0.0241135 9.99551E-05 9.99551E-05 0.0185215 9.99551E-05 0.885263 1
107: 9.99371E-05 0.00072893 9.99371E-05 0.998572 9.99371E-05 9.99371E-05 9.99371E-05 9.99371E-05 9.99371E-05 1
108: 9.99461E-05 9.99461E-05 9.99461E-05 0.961397 9.99461E-05 9.99461E-05 0.0303034 9.99461E-05 0.0077003 1
109: 0.0014908 9.9955E-05 9.9955E-05 0.981585 9.9955E-05 9.9955E-05 0.00992303 9.9955E-05 0.0065012 1
110: 9.9955E-05 9.9955E-05 9.9955E-05 0.929142 9.9955E-05 0.0028652 0.0531886 9.9955E-05 0.0143049 1
111: 0.0819609 0.00533558 0.214325 0.0157905 0.624673 0.0519949 0.00571962 9.9982E-05 9.9982E-05 1
112: 9.993E-05 9.993E-05 9.993E-05 9.993E-05 9.993E-05 9.993E-05 0.999201 9.993E-05 9.993E-05 1
113: 9.996E-05 9.996E-05 9.996E-05 0.0364581 0.0271782 9.996E-05 0.0797389 0.0422881 0.813937 1
114: 9.99371E-05 9.99371E-05 9.99371E-05 0.00932274 9.99371E-05 9.99371E-05 9.99371E-05 9.99371E-05 0.989978 1
115: 9.9946E-05 0.201735 9.9946E-05 0.0398032 9.9946E-05 9.9946E-05 0.757862 9.9946E-05 9.9946E-05 1
116: 9.993E-05 0.999201 9.993E-05 9.993E-05 9.993E-05 9.993E-05 9.993E-05 9.993E-05 9.993E-05 1
117: 0.0214855 0.364199 9.9991E-05 0.0535038 0.00371523 0.00935609 0.533517 0.0103244 0.00379864 1
118: 9.9964E-05 0.660853 9.9964E-05 0.0302386 0.0171561 9.9964E-05 0.266412 9.9964E-05 0.0249404 1
119: 9.9955E-05 0.0116267 9.9955E-05 0.0307133 9.9955E-05 9.9955E-05 0.0137856 9.9955E-05 0.943375 1

1: 9.99461E-05 0.0269951 9.99461E-05 9.99461E-05 9.99461E-05 9.99461E-05 0.798392 9.99461E-05 0.174013 1
2: 9.993E-05 9.993E-05 9.993E-05 9.993E-05 9.993E-05 9.993E-05 0.999201 9.993E-05 9.993E-05 1
3: 9.99461E-05 9.99461E-05 0.0141119 9.99461E-05 9.99461E-05 9.99461E-05 0.921007 9.99461E-05 0.0642819 1
4: 0.00661211 0.0384824 9.9964E-05 9.9964E-05 9.9964E-05 0.00749543 0.797045 9.9964E-05 0.149965 1
5: 9.9955E-05 9.9955E-05 0.838765 9.9955E-05 0.00730393 0.149452 9.9955E-05 9.9955E-05 0.00397958 1
6: 9.9955E-05 9.9955E-05 0.90012 9.9955E-05 0.0286983 0.0305801 0.0401019 9.9955E-05 9.9955E-05 1
7: 0.0153687 9.9964E-05 0.0257006 9.9964E-05 9.9964E-05 9.9964E-05 0.881995 0.025104 0.0514318 1
8: 9.993E-05 9.993E-05 9.993E-05 9.993E-05 9.993E-05 9.993E-05 0.999201 9.993E-05 9.993E-05 1
9: 9.9955E-05 9.9955E-05 0.0269166 0.0103128 9.9955E-05 9.9955E-05 0.925238 9.9955E-05 0.0370327 1
10: 0.191994 0.807306 9.9937E-05 9.9937E-05 9.9937E-05 9.9937E-05 9.9937E-05 9.9937E-05 9.9937E-05 1
11: 9.99461E-05 0.0768039 9.99461E-05 9.99461E-05 0.711759 9.99461E-05 9.99461E-05 0.210837 9.99461E-05 1
12: 0.661467 0.0628369 9.9964E-05 0.160067 0.0896135 0.0256161 9.9964E-05 9.9964E-05 9.9964E-05 1
13: 0.999201 9.993E-05 9.993E-05 9.993E-05 9.993E-05 9.993E-05 9.993E-05 9.993E-05 9.993E-05 1
14: 0.293052 0.0481097 0.00371994 9.9964E-05 0.648693 9.9964E-05 0.00602559 9.9964E-05 9.9964E-05 1
15: 9.993E-05 9.993E-05 9.993E-05 9.993E-05 9.993E-05 0.999201 9.993E-05 9.993E-05 9.993E-05 1
16: 9.9946E-05 9.9946E-05 9.9946E-05 9.9946E-05 0.0260733 0.0348946 0.938432 9.9946E-05 9.9946E-05 1
17: 9.99461E-05 0.023049 9.99461E-05 9.99461E-05 9.99461E-05 9.99461E-05 0.959282 9.99461E-05 0.0170694 1
18: 9.993E-05 9.993E-05 9.993E-05 9.993E-05 9.993E-05 9.993E-05 0.999201 9.993E-05 9.993E-05 1
19: 9.993E-05 9.993E-05 9.993E-05 9.993E-05 9.993E-05 9.993E-05 0.999201 9.993E-05 9.993E-05 1
20: 9.9964E-05 9.9964E-05 0.0177276 0.000286626 9.9964E-05 9.9964E-05 0.912816 0.00288797 0.0658819 1
21: 0.0324204 9.99551E-05 9.99551E-05 9.99551E-05 9.99551E-05 0.0210679 0.824381 9.99551E-05 0.12163 1
22: 0.00551696 9.9964E-05 0.013061 9.9964E-05 9.9964E-05 0.00660757 0.897985 9.9964E-05 0.0764297 1
23: 0.00867382 9.9964E-05 0.922838 0.0270907 0.0260731 0.0149247 9.9964E-05 9.9964E-05 9.9964E-05 1
24: 9.9937E-05 0.0481315 9.9937E-05 0.951169 9.9937E-05 9.9937E-05 9.9937E-05 9.9937E-05 9.9937E-05 1
25: 9.99371E-05 9.99371E-05 0.997143 9.99371E-05 9.99371E-05 9.99371E-05 9.99371E-05 9.99371E-05 0.00215777 1
26: 9.993E-05 9.993E-05 9.993E-05 9.993E-05 9.993E-05 9.993E-05 9.993E-05 9.993E-05 0.999201 1
27: 9.993E-05 9.993E-05 0.999201 9.993E-05 9.993E-05 9.993E-05 9.993E-05 9.993E-05 9.993E-05 1
28: 9.993E-05 9.993E-05 0.999201 9.993E-05 9.993E-05 9.993E-05 9.993E-05 9.993E-05 9.993E-05 1
29: 9.993E-05 9.993E-05 0.999201 9.993E-05 9.993E-05 9.993E-05 9.993E-05 9.993E-05 9.993E-05 1
30: 9.996E-05 9.996E-05 0.945868 0.012919 9.996E-05 0.0134671 9.996E-05 0.0206798 0.00666613 1
31: 9.9955E-05 0.00294341 0.979325 0.0166264 9.9955E-05 9.9955E-05 9.9955E-05 0.000605751 9.9955E-05 1
32: 9.993E-05 9.993E-05 0.999201 9.993E-05 9.993E-05 9.993E-05 9.993E-05 9.993E-05 9.993E-05 1
33: 9.993E-05 9.993E-05 9.993E-05 9.993E-05 9.993E-05 9.993E-05 9.993E-05 9.993E-05 0.999201 1
34: 9.9982E-05 0.295676 0.0403101 0.627502 9.9982E-05 0.00894607 0.0100417 0.0129816 0.00434332 1
35: 9.9946E-05 9.9946E-05 9.9946E-05 0.00742919 9.9946E-05 0.0133757 9.9946E-05 9.9946E-05 0.978595 1
36: 9.993E-05 9.993E-05 9.993E-05 0.999201 9.993E-05 9.993E-05 9.993E-05 9.993E-05 9.993E-05 1
37: 9.996E-05 0.00814496 0.0187485 9.996E-05 9.996E-05 0.00908592 9.996E-05 0.012482 0.951139 1
38: 9.99393E-05 0.00536631 9.99393E-05 9.99393E-05 9.99393E-05 9.99393E-05 9.99393E-05 9.99393E-05 0.993934 1
39: 0.150125 9.9937E-05 9.9937E-05 0.849175 9.9937E-05 9.9937E-05 9.9937E-05 9.9937E-05 9.9937E-05 1
40: 0.150639 9.99371E-05 9.99371E-05 0.848662 9.99371E-05 9.99371E-05 9.99371E-05 9.99371E-05 9.99371E-05 1
41: 0.0385282 9.99461E-05 9.99461E-05 9.99461E-05 9.99461E-05 9.99461E-05 0.0422347 9.99461E-05 0.918637 1
42: 0.00576009 9.9964E-05 0.0046586 0.975705 9.9964E-05 0.00682126 0.00665546 9.9964E-05 9.9964E-05 1
43: 9.9946E-05 0.00830626 9.9946E-05 9.9946E-05 9.9946E-05 0.0393503 9.9946E-05 9.9946E-05 0.951744 1
44: 0.0535296 9.9973E-05 0.000967433 0.0677075 0.411438 0.0391374 9.9973E-05 0.42692 9.9973E-05 1
