1: 0.0263547 0.0248259 0.948719 9.9991E-05 1
2: 0.0101842 0.0102375 0.979478 9.9991E-05 1
3: 0.0746883 9.9982E-05 0.925112 9.9982E-05 1
4: 0.0473717 0.0301482 0.913586 0.00889432 1
5: 0.975189 0.000464666 0.0212524 0.0030939 1
6: 0.959671 0.0258621 0.0143667 9.9991E-05 1
7: 0.060835 0.0211726 0.917892 9.9991E-05 1
8: 0.0246537 9.9982E-05 0.975146 9.9982E-05 1
9: 0.0638964 9.9991E-05 0.927131 0.00887237 1
10: 9.9982E-05 0.93925 9.9982E-05 0.0605502 1
11: 9.9982E-05 0.0246187 9.9982E-05 0.975181 1
12: 0.0384437 0.939411 9.9991E-05 0.0220453 1
13: 9.998E-05 0.9997 9.998E-05 9.998E-05 1
14: 9.9982E-05 0.439531 9.9982E-05 0.560269 1
15: 0.66425 0.0364829 0.185023 0.114244 1
16: 0.0545032 9.9991E-05 0.915861 0.0295357 1
17: 0.00295318 0.0305105 0.966436 9.9991E-05 1
18: 0.027024 9.9982E-05 0.972776 9.9982E-05 1
19: 0.016911 9.9982E-05 0.982889 9.9982E-05 1
20: 0.060427 0.0213501 0.918123 9.9991E-05 1
21: 0.0439186 0.000196633 0.943052 0.012833 1
22: 0.0446013 9.9982E-05 0.955199 9.9982E-05 1
23: 0.964355 0.0282841 0.00505213 0.00230878 1
24: 9.9982E-05 0.952434 9.9982E-05 0.047366 1
25: 0.9997 9.998E-05 9.998E-05 9.998E-05 1
26: 9.998E-05 9.998E-05 0.9997 9.998E-05 1
27: 0.9997 9.998E-05 9.998E-05 9.998E-05 1
28: 0.9997 9.998E-05 9.998E-05 9.998E-05 1
29: 0.9997 9.998E-05 9.998E-05 9.998E-05 1
30: 0.9997 9.998E-05 9.998E-05 9.998E-05 1
31: 0.9997 9.998E-05 9.998E-05 9.998E-05 1
32: 0.9997 9.998E-05 9.998E-05 9.998E-05 1
33: 9.9982E-05 9.9982E-05 0.99943 0.000369611 1
34: 0.0444251 0.878683 0.0328564 0.0440356 1
35: 0.0120531 9.9982E-05 0.987747 9.9982E-05 1
36: 9.9991E-05 0.949492 0.0200429 0.0303653 1
37: 0.0178519 0.00365169 0.967632 0.0108646 1
38: 9.9982E-05 9.9982E-05 0.993813 0.00598711 1
39: 0.00823834 0.991562 9.9982E-05 9.9982E-05 1
40: 9.9982E-05 0.98098 0.0188202 9.9982E-05 1
41: 9.9982E-05 9.9982E-05 0.96778 0.0320196 1
42: 0.0114644 0.973784 0.0146518 9.9991E-05 1
43: 0.0194982 0.00977008 0.970632 9.9991E-05 1
44: 0.0184959 0.0263857 9.9991E-05 0.955018 1
45: 0.0208181 0.522555 9.9991E-05 0.456527 1
46: 9.9991E-05 0.0840537 0.0192726 0.896574 1
47: 9.9991E-05 0.115095 0.0196916 0.865114 1
48: 9.9982E-05 0.569067 9.9982E-05 0.430733 1
49: 9.9982E-05 0.830613 9.9982E-05 0.169187 1
50: 9.9991E-05 0.49935 0.00725136 0.493299 1
51: 9.9982E-05 9.9982E-05 0.0467804 0.95302 1
52: 0.0243633 0.0781352 0.0099092 0.887592 1
53: 9.9982E-05 0.280988 9.9982E-05 0.718812 1
54: 9.9982E-05 0.519573 9.9982E-05 0.480227 1
55: 0.00116458 0.785512 9.9991E-05 0.213224 1
56: 9.998E-05 9.998E-05 9.998E-05 0.9997 1
57: 9.9982E-05 0.400685 9.9982E-05 0.599115 1
58: 9.998E-05 9.998E-05 0.9997 9.998E-05 1
59: 9.998E-05 9.998E-05 0.9997 9.998E-05 1
60: 9.9982E-05 9.9982E-05 0.967542 0.0322576 1
61: 9.998E-05 9.998E-05 9.998E-05 0.9997 1
62: 0.00851108 0.930305 9.9991E-05 0.0610841 1
63: 9.9991E-05 0.332072 0.0101133 0.657715 1
64: 9.9991E-05 0.395541 0.0189411 0.585418 1
65: 9.9982E-05 0.592887 9.9982E-05 0.406913 1
66: 9.9982E-05 0.649766 9.9982E-05 0.350034 1
67: 9.9991E-05 0.299093 0.00784418 0.692962 1
68: 0.0170248 0.922825 9.9991E-05 0.0600498 1
69: 9.998E-05 0.9997 9.998E-05 9.998E-05 1
70: 9.998E-05 9.998E-05 9.998E-05 0.9997 1
71: 9.9991E-05 0.048688 0.00934991 0.941862 1
72: 0.033304 0.767191 0.0144124 0.185093 1
73: 0.00371934 0.460113 9.9991E-05 0.536068 1
74: 9.9982E-05 0.509644 9.9982E-05 0.490156 1
75: 9.9982E-05 0.82157 9.9982E-05 0.17823 1
76: 9.998E-05 0.9997 9.998E-05 9.998E-05 1
77: 9.9991E-05 0.871033 0.0215097 0.107358 1
78: 9.9991E-05 0.627938 0.0125438 0.359419 1
79: 0.0217894 0.978011 9.9982E-05 9.9982E-05 1
80: 0.00738971 0.981307 0.0110642 0.000239419 1
81: 9.9982E-05 0.194162 9.9982E-05 0.805638 1
82: 9.9991E-05 0.0129829 0.0349273 0.95199 1
83: 9.9982E-05 0.515509 9.9982E-05 0.484291 1
84: 0.0177361 0.292278 0.0221225 0.667864 1
85: 9.9991E-05 0.279603 0.00245837 0.717839 1
86: 9.9991E-05 0.403213 0.011431 0.585256 1
87: 0.018076 0.701188 9.9991E-05 0.280636 1
88: 9.9982E-05 0.0661908 9.9982E-05 0.933609 1
89: 9.9991E-05 0.38597 0.0123459 0.601584 1
90: 0.000470052 0.369718 9.9991E-05 0.629712 1
91: 0.0193772 0.294339 0.0176254 0.668659 1
92: 9.998E-05 9.998E-05 9.998E-05 0.9997 1
93: 0.00303173 0.590943 9.9991E-05 0.405925 1
94: 0.0294271 0.313522 9.9991E-05 0.656951 1
95: 0.0243732 0.0716187 9.9991E-05 0.903908 1
96: 9.9982E-05 0.303555 9.9982E-05 0.696245 1
97: 9.9991E-05 0.388663 0.011245 0.599992 1
98: 9.9982E-05 0.618318 9.9982E-05 0.381482 1
99: 0.0103749 0.0207236 0.015112 0.95379 1
100: 9.9982E-05 0.0042117 0.995588 9.9982E-05 1
101: 9.998E-05 9.998E-05 0.9997 9.998E-05 1
102: 9.998E-05 9.998E-05 0.9997 9.998E-05 1
103: 9.998E-05 9.998E-05 0.9997 9.998E-05 1
104: 9.998E-05 9.998E-05 0.9997 9.998E-05 1
105: 9.9982E-05 9.9982E-05 0.999008 0.00079213 1
106: 0.84291 0.0327015 0.0902 0.0341887 1
107: 9.998E-05 9.998E-05 0.9997 9.998E-05 1
108: 9.998E-05 9.998E-05 0.9997 9.998E-05 1
109: 9.998E-05 9.998E-05 0.9997 9.998E-05 1
110: 9.998E-05 9.998E-05 0.9997 9.998E-05 1
111: 9.9991E-05 0.840367 0.0423517 0.117181 1
112: 0.0163102 0.00234759 0.981242 9.9991E-05 1
113: 0.822904 9.9991E-05 0.125983 0.0510128 1
114: 0.9804 9.9991E-05 0.0191339 0.000366457 1
115: 0.0407843 9.9982E-05 0.959016 9.9982E-05 1
116: 0.0662788 9.9982E-05 0.933521 9.9982E-05 1
117: 0.0528142 0.025796 0.887064 0.0343256 1
118: 0.072642 0.0137807 0.913477 9.9991E-05 1
119: 0.966385 9.9982E-05 0.0334146 9.9982E-05 1

1: 0.161632 0.00296968 0.00393518 0.831463 1
2: 9.998E-05 9.998E-05 9.998E-05 0.9997 1
3: 0.0416993 9.9991E-05 0.00667488 0.951526 1
4: 0.133544 0.0242625 0.00815551 0.834038 1
5: 0.0041082 9.9991E-05 0.977481 0.0183111 1
6: 9.9991E-05 0.0283479 0.936627 0.0349249 1
7: 0.0455874 0.0147169 0.0203028 0.919393 1
8: 9.998E-05 9.998E-05 9.998E-05 0.9997 1
9: 0.0195162 9.9991E-05 0.00681256 0.973571 1
10: 9.998E-05 0.9997 9.998E-05 9.998E-05 1
11: 9.9982E-05 0.98658 0.0132196 9.9982E-05 1
12: 0.00114169 0.967096 0.0208875 0.0108743 1
13: 9.9982E-05 0.998848 0.000951625 9.9982E-05 1
14: 9.9982E-05 0.984941 9.9982E-05 0.0148588 1
15: 9.999E-05 0.138001 0.617231 0.244668 1
16: 0.0497252 0.0396834 0.00892536 0.901666 1
17: 9.9982E-05 0.0116407 9.9982E-05 0.988159 1
18: 9.998E-05 9.998E-05 9.998E-05 0.9997 1
19: 9.998E-05 9.998E-05 9.998E-05 0.9997 1
20: 0.0859424 0.00901441 0.0125918 0.892451 1
21: 0.106127 0.00748613 0.0057479 0.880639 1
22: 0.012332 9.9991E-05 0.0333595 0.954208 1
23: 9.9991E-05 0.0263286 0.940035 0.0335368 1
24: 0.0216684 0.967321 0.010911 9.9991E-05 1
25: 9.998E-05 9.998E-05 0.9997 9.998E-05 1
26: 0.9997 9.998E-05 9.998E-05 9.998E-05 1
27: 9.998E-05 9.998E-05 0.9997 9.998E-05 1
28: 9.998E-05 9.998E-05 0.9997 9.998E-05 1
29: 9.998E-05 9.998E-05 0.9997 9.998E-05 1
30: 0.020975 0.0145763 0.964349 9.9991E-05 1
31: 9.9982E-05 0.00550829 0.994292 9.9982E-05 1
32: 9.998E-05 9.998E-05 0.9997 9.998E-05 1
33: 0.9997 9.998E-05 9.998E-05 9.998E-05 1
34: 0.00146712 0.940227 0.0356672 0.0226382 1
35: 0.9997 9.998E-05 9.998E-05 9.998E-05 1
36: 0.0122592 0.98742 9.9991E-05 0.000220758 1
37: 0.963304 9.9982E-05 0.0364965 9.9982E-05 1
38: 0.985293 9.9982E-05 0.0145071 9.9982E-05 1
39: 0.00940398 0.989282 9.9991E-05 0.00121369 1
40: 0.0080456 0.975688 9.9991E-05 0.0161663 1
41: 0.945669 0.0246409 9.9991E-05 0.0295897 1
42: 9.9982E-05 0.970555 0.0292451 9.9982E-05 1
43: 0.975398 0.00292469 0.0215773 9.9991E-05 1
44: 0.012369 0.967216 0.0203147 9.9991E-05 1
45: 9.9982E-05 0.966848 0.0329519 9.9982E-05 1
46: 9.9982E-05 0.964609 9.9982E-05 0.0351915 1
47: 0.0291439 0.970656 9.9982E-05 9.9982E-05 1
48: 9.998E-05 0.9997 9.998E-05 9.998E-05 1
49: 9.998E-05 0.9997 9.998E-05 9.998E-05 1
50: 0.0228329 0.976967 9.9982E-05 9.9982E-05 1
51: 9.9982E-05 0.948094 9.9982E-05 0.0517062 1
52: 9.9991E-05 0.957513 0.00569594 0.0366915 1
53: 9.998E-05 0.9997 9.998E-05 9.998E-05 1
54: 9.9982E-05 0.996173 0.00362744 9.9982E-05 1
55: 9.9982E-05 0.986851 0.0129491 9.9982E-05 1
56: 0.0104446 0.989355 9.9982E-05 9.9982E-05 1
57: 0.0141628 0.985637 9.9982E-05 9.9982E-05 1
58: 0.9997 9.998E-05 9.998E-05 9.998E-05 1
59: 0.959614 0.00174674 9.9991E-05 0.0385389 1
60: 0.957808 0.0323779 9.9991E-05 0.00971427 1
61: 9.998E-05 0.9997 9.998E-05 9.998E-05 1
62: 9.9982E-05 0.984954 0.0148456 9.9982E-05 1
63: 0.029449 0.970351 9.9982E-05 9.9982E-05 1
64: 0.0169563 0.982085 9.9991E-05 0.000858786 1
65: 9.9982E-05 0.997817 9.9982E-05 0.0019833 1
66: 9.9982E-05 0.97778 9.9982E-05 0.0220196 1
67: 0.0450617 0.954738 9.9982E-05 9.9982E-05 1
68: 9.9982E-05 0.992872 0.00692803 9.9982E-05 1
69: 9.998E-05 0.9997 9.998E-05 9.998E-05 1
70: 0.0110428 0.980647 0.00214962 0.00616088 1
71: 0.00121049 0.992011 9.9991E-05 0.00667887 1
72: 0.0409449 0.939208 0.0197469 9.9991E-05 1
73: 0.00107744 0.997534 0.00128826 9.9991E-05 1
74: 9.998E-05 0.9997 9.998E-05 9.998E-05 1
75: 9.998E-05 0.9997 9.998E-05 9.998E-05 1
76: 9.9982E-05 0.981064 9.9982E-05 0.0187362 1
77: 0.00448391 0.965676 0.0117142 0.0181263 1
78: 0.0258069 0.973993 9.9982E-05 9.9982E-05 1
79: 9.9982E-05 0.977057 0.0227428 9.9982E-05 1
80: 0.0234468 0.966918 0.00953543 9.9991E-05 1
81: 9.998E-05 0.9997 9.998E-05 9.998E-05 1
82: 0.0311686 0.928514 9.9991E-05 0.0402177 1
83: 9.998E-05 0.9997 9.998E-05 9.998E-05 1
84: 9.9991E-05 0.959657 0.0203645 0.0198781 1
85: 0.00639961 0.979527 9.9991E-05 0.0139732 1
86: 9.9982E-05 0.980157 9.9982E-05 0.0196425 1
87: 9.9991E-05 0.967401 0.0304299 0.00206875 1
88: 9.998E-05 0.9997 9.998E-05 9.998E-05 1
89: 0.00714205 0.956686 0.0045356 0.0316359 1
90: 9.998E-05 0.9997 9.998E-05 9.998E-05 1
91: 0.0275382 0.954133 0.0182287 9.9991E-05 1
92: 9.9982E-05 0.991928 9.9982E-05 0.00787229 1
93: 9.9982E-05 0.983815 9.9982E-05 0.0159848 1
94: 9.9991E-05 0.963609 0.0143444 0.0219462 1
95: 0.00157167 0.975454 0.0228741 9.9991E-05 1
96: 0.00056256 0.999237 9.9982E-05 9.9982E-05 1
97: 0.0128582 0.982112 9.9991E-05 0.00492953 1
98: 9.9982E-05 0.980309 0.0194907 9.9982E-05 1
99: 0.0141737 0.970053 0.00775701 0.00801632 1
100: 0.928105 0.003924 9.9991E-05 0.0678714 1
101: 0.989127 0.00314976 9.9991E-05 0.00762319 1
102: 0.9997 9.998E-05 9.998E-05 9.998E-05 1
103: 0.960594 9.9982E-05 9.9982E-05 0.0392061 1
104: 0.9997 9.998E-05 9.998E-05 9.998E-05 1
105: 0.997821 0.00197888 9.9982E-05 9.9982E-05 1
106: 0.0166614 0.0555658 0.868587 0.0591855 1
107: 0.998864 9.9982E-05 9.9982E-05 0.000935857 1
108: 0.97898 0.00805914 0.00754379 0.00541695 1
109: 0.976661 9.9982E-05 9.9982E-05 0.0231389 1
110: 0.960057 9.9982E-05 9.9982E-05 0.0397431 1
111: 9.9991E-05 0.951402 0.0119147 0.0365829 1
112: 9.998E-05 9.998E-05 9.998E-05 0.9997 1
113: 0.0426184 0.0454013 0.797415 0.114566 1
114: 0.0164637 0.00472346 0.978713 9.9991E-05 1
115: 0.025654 9.9991E-05 0.0117839 0.962462 1
116: 0.066905 0.000892421 0.00986344 0.922339 1
117: 0.0215403 0.0159293 0.00734046 0.95519 1
118: 0.0572232 0.011831 0.0294538 0.901492 1
119: 0.0557499 9.9991E-05 0.933474 0.0106762 1

1: 0.0135065 0.0246647 9.9991E-05 0.961729 1
2: 9.9982E-05 0.0216285 9.9982E-05 0.978172 1
3: 9.9982E-05 0.0487497 9.9982E-05 0.95105 1
4: 9.999E-05 0.024392 0.0406755 0.934833 1
5: 9.9982E-05 0.960807 9.9982E-05 0.038993 1
6: 0.0134107 0.969874 0.0117015 0.00501402 1
7: 0.0263581 0.0679787 9.9991E-05 0.905563 1
8: 9.9982E-05 0.01844 9.9982E-05 0.98136 1
9: 9.9982E-05 0.0481819 9.9982E-05 0.951618 1
10: 0.90175 9.9982E-05 0.09805 9.9982E-05 1
11: 0.0245153 0.00945651 0.965928 9.9991E-05 1
12: 0.891247 0.0184285 0.0745966 0.0157277 1
13: 0.9997 9.998E-05 9.998E-05 9.998E-05 1
14: 0.336363 9.9982E-05 0.663437 9.9982E-05 1
15: 0.0335682 0.647578 0.119141 0.199712 1
16: 9.9991E-05 0.0558035 0.0312351 0.912861 1
17: 0.029084 0.0104736 9.9991E-05 0.960342 1
18: 0.00422504 0.0260734 9.9991E-05 0.969602 1
19: 9.9982E-05 0.014132 9.9982E-05 0.985668 1
20: 0.0132873 0.0726751 9.9991E-05 0.913938 1
21: 0.0256105 0.0597738 9.9991E-05 0.914516 1
22: 9.9982E-05 0.0894328 9.9982E-05 0.910367 1
23: 0.0268822 0.972918 9.9982E-05 9.9982E-05 1
24: 0.892294 9.9991E-05 0.0918067 0.0157991 1
25: 9.9991E-05 0.972942 0.00798351 0.0189742 1
26: 9.998E-05 9.998E-05 9.998E-05 0.9997 1
27: 9.998E-05 0.9997 9.998E-05 9.998E-05 1
28: 9.998E-05 0.9997 9.998E-05 9.998E-05 1
29: 9.998E-05 0.9997 9.998E-05 9.998E-05 1
30: 0.0238678 0.975932 9.9982E-05 9.9982E-05 1
31: 9.998E-05 0.9997 9.998E-05 9.998E-05 1
32: 9.998E-05 0.9997 9.998E-05 9.998E-05 1
33: 9.998E-05 9.998E-05 9.998E-05 0.9997 1
34: 0.826434 0.040461 0.125599 0.00750599 1
35: 9.998E-05 9.998E-05 9.998E-05 0.9997 1
36: 0.952399 0.00108836 0.0287048 0.0178082 1
37: 9.9991E-05 0.0151582 0.00145051 0.983291 1
38: 9.998E-05 9.998E-05 9.998E-05 0.9997 1
39: 0.992093 0.00770655 9.9982E-05 9.9982E-05 1
40: 0.994397 9.9982E-05 9.9982E-05 0.00540317 1
41: 9.9982E-05 9.9982E-05 0.0165827 0.983217 1
42: 0.955744 0.0430723 9.9991E-05 0.0010834 1
43: 9.9982E-05 9.9982E-05 0.00774952 0.992051 1
44: 0.0293645 0.0316443 0.938891 9.9991E-05 1
45: 0.489529 0.0336968 0.476675 9.9991E-05 1
46: 0.0922068 0.00563431 0.898833 0.0033257 1
47: 0.113755 0.00424612 0.874257 0.00774213 1
48: 0.581637 9.9982E-05 0.418163 9.9982E-05 1
49: 0.782608 9.9982E-05 0.217193 9.9982E-05 1
50: 0.433753 9.9991E-05 0.556363 0.00978447 1
51: 9.9991E-05 0.00757796 0.978981 0.0133413 1
52: 0.0695237 0.0180674 0.904419 0.00798992 1
53: 0.206263 9.9982E-05 0.793537 9.9982E-05 1
54: 0.50783 0.00249806 0.489572 9.9991E-05 1
55: 0.770253 9.9982E-05 0.229547 9.9982E-05 1
56: 9.998E-05 9.998E-05 0.9997 9.998E-05 1
57: 0.403705 9.9991E-05 0.593509 0.00268606 1
58: 9.998E-05 9.998E-05 9.998E-05 0.9997 1
59: 9.998E-05 9.998E-05 9.998E-05 0.9997 1
60: 0.0068808 9.9991E-05 0.0304541 0.962565 1
61: 0.0364659 9.9982E-05 0.963334 9.9982E-05 1
62: 0.897133 9.9982E-05 0.102667 9.9982E-05 1
63: 0.31665 9.9991E-05 0.662249 0.0210008 1
64: 0.308935 9.9991E-05 0.677224 0.0137402 1
65: 0.599781 9.9991E-05 0.399744 0.000374376 1
66: 0.64664 9.9982E-05 0.35316 9.9982E-05 1
67: 0.266523 9.9991E-05 0.716267 0.0171102 1
68: 0.923703 9.9982E-05 0.0760967 9.9982E-05 1
69: 0.9997 9.998E-05 9.998E-05 9.998E-05 1
70: 9.998E-05 9.998E-05 0.9997 9.998E-05 1
71: 9.9982E-05 9.9982E-05 0.994185 0.005615 1
72: 0.842848 0.0212813 0.113063 0.0228075 1
73: 0.461128 0.00590019 0.532872 9.9991E-05 1
74: 0.492589 9.9982E-05 0.507211 9.9982E-05 1
75: 0.774412 9.9982E-05 0.225388 9.9982E-05 1
76: 0.9997 9.998E-05 9.998E-05 9.998E-05 1
77: 0.828501 9.9991E-05 0.152125 0.0192745 1
78: 0.601556 9.9991E-05 0.378504 0.0198399 1
79: 0.995447 0.00435299 9.9982E-05 9.9982E-05 1
80: 0.951002 0.00106856 9.9991E-05 0.0478293 1
81: 0.287351 9.9982E-05 0.712449 9.9982E-05 1
82: 9.9982E-05 9.9982E-05 0.952601 0.0471987 1
83: 0.524697 9.9982E-05 0.475103 9.9982E-05 1
84: 0.24138 0.0219421 0.709663 0.0270144 1
85: 0.310797 9.9991E-05 0.679205 0.00989743 1
86: 0.481946 9.9982E-05 0.517854 9.9982E-05 1
87: 0.665353 0.0174038 0.317143 9.9991E-05 1
88: 0.0901082 9.9982E-05 0.909692 9.9982E-05 1
89: 0.404663 9.9991E-05 0.585839 0.00939758 1
90: 0.365032 9.9982E-05 0.634768 9.9982E-05 1
91: 0.277706 0.024101 0.69331 0.00488306 1
92: 9.998E-05 9.998E-05 0.9997 9.998E-05 1
93: 0.612773 9.9982E-05 0.387027 9.9982E-05 1
94: 0.343253 0.0190319 0.63214 0.00557504 1
95: 0.120684 0.017716 0.8615 9.9991E-05 1
96: 0.314233 0.00714557 0.678521 9.9991E-05 1
97: 0.477248 9.9991E-05 0.510339 0.0123129 1
98: 0.643962 0.00849506 0.347443 9.9991E-05 1
99: 0.0287998 0.00863647 0.948263 0.0143009 1
100: 0.00396567 9.9982E-05 9.9982E-05 0.995834 1
101: 0.00564858 9.9982E-05 9.9982E-05 0.994151 1
102: 9.998E-05 9.998E-05 9.998E-05 0.9997 1
103: 9.998E-05 9.998E-05 9.998E-05 0.9997 1
104: 9.998E-05 9.998E-05 9.998E-05 0.9997 1
105: 0.0191518 9.9982E-05 9.9982E-05 0.980648 1
106: 0.0138777 0.845007 0.0647014 0.0764142 1
107: 9.998E-05 9.998E-05 9.998E-05 0.9997 1
108: 9.998E-05 9.998E-05 9.998E-05 0.9997 1
109: 9.998E-05 9.998E-05 9.998E-05 0.9997 1
110: 0.00550322 9.9982E-05 9.9982E-05 0.994297 1
111: 0.733052 9.9991E-05 0.230686 0.0361619 1
112: 9.9991E-05 0.0158289 0.000506454 0.983565 1
113: 9.9991E-05 0.828184 0.0555228 0.116193 1
114: 9.9982E-05 0.994299 9.9982E-05 0.00550134 1
115: 9.9982E-05 0.0523707 9.9982E-05 0.947429 1
116: 9.9991E-05 0.0434203 0.00549212 0.950988 1
117: 9.9991E-05 0.0516004 0.0551415 0.893158 1
118: 0.00409379 0.0775788 9.9991E-05 0.918227 1
119: 9.9982E-05 0.975191 9.9982E-05 0.0246094 1

1: 0.942042 0.0419096 0.0145484 0.00150011 1
2: 0.947597 0.0374951 0.00508667 0.00982116 1
3: 0.924508 0.0625317 9.9991E-05 0.0128602 1
4: 0.946909 0.0346946 0.0182967 9.9991E-05 1
5: 0.0277211 0.972079 9.9982E-05 9.9982E-05 1
6: 0.0086664 0.949672 0.0223078 0.0193535 1
7: 0.936915 0.0478889 0.0150965 9.9991E-05 1
8: 0.978464 0.0128951 0.00854106 9.9991E-05 1
9: 0.932149 0.0676506 9.9982E-05 9.9982E-05 1
10: 9.9982E-05 9.9982E-05 0.940668 0.0591324 1
11: 9.9982E-05 9.9982E-05 0.0471287 0.952671 1
12: 0.00100827 0.0197367 0.932151 0.0471044 1
13: 9.998E-05 9.998E-05 0.9997 9.998E-05 1
14: 9.999E-05 0.00623983 0.343256 0.650404 1
15: 0.195646 0.655937 0.032071 0.116347 1
16: 0.931563 0.0298891 9.9991E-05 0.0384475 1
17: 0.957477 0.0227367 0.0196862 9.9991E-05 1
18: 0.964124 0.0333707 0.00240576 9.9991E-05 1
19: 0.983387 0.0164135 9.9982E-05 9.9982E-05 1
20: 0.945794 0.044255 0.00985102 9.9991E-05 1
21: 0.914754 0.0528141 9.9991E-05 0.032332 1
22: 0.947691 0.0521089 9.9982E-05 9.9982E-05 1
23: 0.0151112 0.96667 0.0119977 0.00622076 1
24: 0.0142838 9.9991E-05 0.930698 0.0549182 1
25: 9.998E-05 0.9997 9.998E-05 9.998E-05 1
26: 0.9997 9.998E-05 9.998E-05 9.998E-05 1
27: 9.998E-05 0.9997 9.998E-05 9.998E-05 1
28: 9.998E-05 0.9997 9.998E-05 9.998E-05 1
29: 9.998E-05 0.9997 9.998E-05 9.998E-05 1
30: 0.00604784 0.983095 0.00335703 0.00750006 1
31: 9.9982E-05 0.984375 9.9982E-05 0.0154248 1
32: 9.998E-05 0.9997 9.998E-05 9.998E-05 1
33: 0.996548 9.9982E-05 0.00325166 9.9982E-05 1
34: 9.9991E-05 0.0373408 0.922064 0.0404952 1
35: 0.9997 9.998E-05 9.998E-05 9.998E-05 1
36: 0.00836076 9.9991E-05 0.974345 0.0171946 1
37: 0.975073 0.0245242 9.9991E-05 0.000302432 1
38: 0.9997 9.998E-05 9.998E-05 9.998E-05 1
39: 9.9982E-05 0.0129741 0.986826 9.9982E-05 1
40: 0.00116934 9.9982E-05 0.998631 9.9982E-05 1
41: 0.978143 9.9982E-05 9.9982E-05 0.0216567 1
42: 0.00968045 0.0317937 0.958426 9.9991E-05 1
43: 0.978918 0.00988864 9.9991E-05 0.0110929 1
44: 9.9991E-05 0.0107262 0.0252569 0.963917 1
45: 9.9991E-05 0.026908 0.547731 0.425261 1
46: 0.00176375 9.9991E-05 0.0753924 0.922744 1
47: 9.9991E-05 0.0120537 0.0709071 0.916939 1
48: 9.9982E-05 9.9982E-05 0.626006 0.373794 1
49: 9.9982E-05 9.9982E-05 0.863945 0.135856 1
50: 0.00118863 9.9991E-05 0.456206 0.542505 1
51: 0.0286376 0.00951167 9.9991E-05 0.961751 1
52: 0.0121218 0.0249273 0.0940351 0.868916 1
53: 9.9982E-05 9.9982E-05 0.19964 0.800161 1
54: 9.9982E-05 9.9982E-05 0.517532 0.482269 1
55: 9.9982E-05 9.9982E-05 0.791875 0.207925 1
56: 9.998E-05 9.998E-05 9.998E-05 0.9997 1
57: 9.9982E-05 9.9982E-05 0.394623 0.605177 1
58: 0.9997 9.998E-05 9.998E-05 9.998E-05 1
59: 0.9931 0.0067004 9.9982E-05 9.9982E-05 1
60: 0.962605 9.9982E-05 9.9982E-05 0.0371946 1
61: 9.9982E-05 9.9982E-05 0.0205526 0.979247 1
62: 9.9982E-05 9.9982E-05 0.922026 0.0777741 1
63: 0.00507716 9.9991E-05 0.331162 0.663661 1
64: 0.0101762 9.9991E-05 0.365509 0.624215 1
65: 9.9982E-05 9.9982E-05 0.546315 0.453486 1
66: 9.9982E-05 9.9982E-05 0.678913 0.320887 1
67: 0.0136597 9.9991E-05 0.295085 0.691155 1
68: 9.9991E-05 0.00122624 0.917959 0.0807151 1
69: 9.9982E-05 9.9982E-05 0.955448 0.0443521 1
70: 9.998E-05 9.998E-05 9.998E-05 0.9997 1
71: 9.9982E-05 9.9982E-05 0.0516714 0.948129 1
72: 0.0431275 0.00135465 0.832194 0.123324 1
73: 9.9982E-05 9.9982E-05 0.473661 0.526139 1
74: 9.9982E-05 9.9982E-05 0.508626 0.491174 1
75: 9.9982E-05 9.9982E-05 0.795875 0.203925 1
76: 0.00511515 9.9982E-05 0.994685 9.9982E-05 1
77: 0.0138707 0.000847336 0.855677 0.129605 1
78: 0.0320846 9.9991E-05 0.614422 0.353393 1
79: 9.9982E-05 0.00147338 0.998327 9.9982E-05 1
80: 0.0217283 0.00244776 0.963454 0.0123702 1
81: 9.9991E-05 0.00615304 0.251855 0.741892 1
82: 0.0364682 9.9991E-05 0.0127584 0.950673 1
83: 9.9982E-05 9.9982E-05 0.562108 0.437692 1
84: 0.0311514 0.00843989 0.249921 0.710487 1
85: 9.99873E-05 9.99873E-05 0.319662 0.680138 1
86: 0.000493235 9.9991E-05 0.456805 0.542602 1
87: 9.9991E-05 0.0124377 0.725462 0.262001 1
88: 9.9982E-05 9.9982E-05 0.0399527 0.959847 1
89: 0.0163242 0.00636294 0.429592 0.547721 1
90: 9.9991E-05 0.00391166 0.404218 0.59177 1
91: 0.0189884 0.00336608 0.323921 0.653725 1
92: 9.998E-05 9.998E-05 9.998E-05 0.9997 1
93: 9.9982E-05 9.9982E-05 0.656644 0.343156 1
94: 9.9991E-05 0.0125443 0.340614 0.646741 1
95: 9.9991E-05 0.0208255 0.110249 0.868825 1
96: 9.9982E-05 9.9982E-05 0.286572 0.713228 1
97: 0.00763188 9.9991E-05 0.465109 0.527159 1
98: 9.9991E-05 0.0122064 0.629494 0.3582 1
99: 0.0127722 0.0164285 9.9991E-05 0.970699 1
100: 0.9997 9.998E-05 9.998E-05 9.998E-05 1
101: 0.996074 9.9982E-05 0.00372574 9.9982E-05 1
102: 0.9997 9.998E-05 9.998E-05 9.998E-05 1
103: 0.9997 9.998E-05 9.998E-05 9.998E-05 1
104: 0.9997 9.998E-05 9.998E-05 9.998E-05 1
105: 0.9997 9.998E-05 9.998E-05 9.998E-05 1
106: 0.058172 0.854042 0.0101635 0.077623 1
107: 0.9997 9.998E-05 9.998E-05 9.998E-05 1
108: 0.990629 9.9982E-05 9.9982E-05 0.0091709 1
109: 0.9997 9.998E-05 9.998E-05 9.998E-05 1
110: 0.9997 9.998E-05 9.998E-05 9.998E-05 1
111: 0.0336231 9.9991E-05 0.801919 0.164358 1
112: 0.979178 0.0206222 9.9982E-05 9.9982E-05 1
113: 0.129686 0.827004 0.0262768 0.0170334 1
114: 0.00807702 0.991723 9.9982E-05 9.9982E-05 1
115: 0.958322 0.0414783 9.9982E-05 9.9982E-05 1
116: 0.937947 0.0618533 9.9982E-05 9.9982E-05 1
117: 0.9054 0.0339976 9.9991E-05 0.0605022 1
118: 0.937173 0.04619 0.0165371 9.9991E-05 1
119: 0.0238114 0.975989 9.9982E-05 9.9982E-05 1

1: 0.0345074 9.9991E-05 0.948044 0.0173485 1
2: 0.0297862 0.0234127 0.946701 9.9991E-05 1
3: 0.0526431 9.9982E-05 0.947157 9.9982E-05 1
4: 0.0266927 0.00917338 0.935099 0.0290349 1
5: 0.975136 0.0137149 0.011049 9.9991E-05 1
6: 0.957046 0.0427538 9.9982E-05 9.9982E-05 1
7: 0.059796 9.9991E-05 0.914663 0.0254412 1
8: 0.0350079 9.9982E-05 0.964792 9.9982E-05 1
9: 0.0394256 0.0279725 0.932502 9.9991E-05 1
10: 9.9982E-05 0.024715 9.9982E-05 0.975085 1
11: 9.9982E-05 0.978164 9.9982E-05 0.0216362 1
12: 0.0244455 0.0505398 0.017236 0.907779 1
13: 9.998E-05 9.998E-05 9.998E-05 0.9997 1
14: 9.9982E-05 0.619285 9.9982E-05 0.380515 1
15: 0.651031 0.131026 0.199331 0.0186114 1
16: 0.0445737 0.0183747 0.93358 0.00347145 1
17: 0.00575298 0.0215429 0.972129 0.000575294 1
18: 0.0353279 9.9982E-05 0.964472 9.9982E-05 1
19: 0.0182394 9.9991E-05 0.968596 0.0130643 1
20: 0.0608408 9.9991E-05 0.907963 0.0310958 1
21: 0.0290881 0.00819734 0.932406 0.0303085 1
22: 0.0564733 9.9982E-05 0.943327 9.9982E-05 1
23: 0.958396 0.0146642 0.0167109 0.0102287 1
24: 9.9991E-05 0.037314 0.0294385 0.933148 1
25: 0.9997 9.998E-05 9.998E-05 9.998E-05 1
26: 9.998E-05 9.998E-05 0.9997 9.998E-05 1
27: 0.9997 9.998E-05 9.998E-05 9.998E-05 1
28: 0.9997 9.998E-05 9.998E-05 9.998E-05 1
29: 0.9997 9.998E-05 9.998E-05 9.998E-05 1
30: 0.980818 9.9991E-05 0.00100119 0.0180804 1
31: 0.989298 0.00494144 9.9991E-05 0.0056602 1
32: 0.9997 9.998E-05 9.998E-05 9.998E-05 1
33: 9.998E-05 9.998E-05 0.9997 9.998E-05 1
34: 0.0338397 0.041969 0.0396619 0.884529 1
35: 9.998E-05 9.998E-05 0.9997 9.998E-05 1
36: 9.9982E-05 9.9982E-05 0.0359059 0.963894 1
37: 0.0084431 0.00542207 0.986035 9.9991E-05 1
38: 9.998E-05 9.998E-05 0.9997 9.998E-05 1
39: 0.00489007 9.9991E-05 0.00951083 0.985499 1
40: 9.998E-05 9.998E-05 9.998E-05 0.9997 1
41: 9.9982E-05 0.0335285 0.966272 9.9982E-05 1
42: 0.0203649 0.0159662 9.9991E-05 0.963569 1
43: 9.998E-05 9.998E-05 0.9997 9.998E-05 1
44: 0.0119525 0.979605 9.9991E-05 0.00834233 1
45: 0.0298424 0.439083 9.9991E-05 0.530975 1
46: 0.0117281 0.857841 0.0104387 0.119992 1
47: 0.00990259 0.856084 0.0209653 0.113048 1
48: 0.00158743 0.365321 9.9991E-05 0.632991 1
49: 9.9982E-05 0.190615 9.9982E-05 0.809185 1
50: 9.9982E-05 0.569582 9.9982E-05 0.430218 1
51: 0.00378525 0.955077 0.0410377 9.9991E-05 1
52: 0.0363416 0.855978 0.00996402 0.0977168 1
53: 0.000314968 0.786743 9.9991E-05 0.212842 1
54: 0.000820008 0.485756 9.9991E-05 0.513324 1
55: 9.9982E-05 0.208911 9.9982E-05 0.790889 1
56: 9.998E-05 0.9997 9.998E-05 9.998E-05 1
57: 9.9982E-05 0.618167 9.9982E-05 0.381633 1
58: 9.9982E-05 0.00146999 0.99833 9.9982E-05 1
59: 0.0141812 9.9982E-05 0.985619 9.9982E-05 1
60: 9.9991E-05 0.00663353 0.981726 0.011541 1
61: 9.9982E-05 0.949881 9.9982E-05 0.0499192 1
62: 0.0115418 0.0914961 9.9991E-05 0.896862 1
63: 9.9991E-05 0.658879 0.0177027 0.323319 1
64: 9.9991E-05 0.607985 0.00820816 0.383707 1
65: 9.9991E-05 0.395815 0.0042018 0.599883 1
66: 9.9991E-05 0.330008 0.00143474 0.668457 1
67: 9.9991E-05 0.686807 0.00436633 0.308727 1
68: 0.00259501 0.0631792 9.9991E-05 0.934126 1
69: 9.998E-05 9.998E-05 9.998E-05 0.9997 1
70: 9.998E-05 0.9997 9.998E-05 9.998E-05 1
71: 9.9991E-05 0.97205 0.00151357 0.0263368 1
72: 0.0216126 0.0797112 0.0193858 0.87929 1
73: 9.9982E-05 0.550687 9.9982E-05 0.449113 1
74: 9.9982E-05 0.438596 9.9982E-05 0.561205 1
75: 9.9982E-05 0.149696 9.9982E-05 0.850104 1
76: 9.9982E-05 9.9982E-05 0.00637611 0.993424 1
77: 9.9991E-05 0.145531 0.028225 0.826144 1
78: 9.9991E-05 0.386054 0.0023557 0.61149 1
79: 0.0223916 9.9982E-05 9.9982E-05 0.977408 1
80: 0.00261313 0.0115805 0.0270475 0.958759 1
81: 9.9982E-05 0.748589 9.9982E-05 0.251211 1
82: 9.9982E-05 0.970304 0.0294963 9.9982E-05 1
83: 9.9982E-05 0.479138 9.9982E-05 0.520662 1
84: 0.0188963 0.689861 0.0102752 0.280968 1
85: 0.00441124 0.669858 0.0184705 0.307261 1
86: 9.9991E-05 0.552835 0.00397528 0.44309 1
87: 0.0114816 0.266834 9.9991E-05 0.721584 1
88: 9.9982E-05 0.943208 9.9982E-05 0.0565921 1
89: 9.9991E-05 0.627571 0.0140111 0.358318 1
90: 9.9982E-05 0.632542 9.9982E-05 0.367258 1
91: 0.00663639 0.691702 0.015872 0.285789 1
92: 9.998E-05 0.9997 9.998E-05 9.998E-05 1
93: 9.9982E-05 0.394308 9.9982E-05 0.605492 1
94: 0.0195384 0.619199 9.9991E-05 0.361162 1
95: 0.028299 0.86411 9.9991E-05 0.107491 1
96: 9.9982E-05 0.704168 9.9982E-05 0.295632 1
97: 9.9991E-05 0.535102 0.0182285 0.446569 1
98: 0.019637 0.421743 9.9991E-05 0.55852 1
99: 0.00105349 0.977728 0.0100302 0.0111888 1
100: 9.998E-05 9.998E-05 0.9997 9.998E-05 1
101: 9.9982E-05 9.9982E-05 0.986791 0.0130095 1
102: 9.998E-05 9.998E-05 0.9997 9.998E-05 1
103: 9.998E-05 9.998E-05 0.9997 9.998E-05 1
104: 9.9982E-05 0.0136126 0.986187 9.9982E-05 1
105: 9.9991E-05 0.00567763 0.989878 0.00434395 1
106: 0.867671 0.0508412 0.0707267 0.0107606 1
107: 9.998E-05 9.998E-05 0.9997 9.998E-05 1
108: 9.998E-05 9.998E-05 0.9997 9.998E-05 1
109: 9.998E-05 9.998E-05 0.9997 9.998E-05 1
110: 9.9982E-05 0.00980397 0.989996 9.9982E-05 1
111: 9.9991E-05 0.130837 0.0283196 0.840743 1
112: 0.0264723 9.9991E-05 0.971962 0.00146594 1
113: 0.791745 0.0622109 0.145944 9.9991E-05 1
114: 0.972295 9.9991E-05 0.0145394 0.0130653 1
115: 0.0446069 9.99902E-05 0.942463 0.0128296 1
116: 0.042543 0.0102501 0.947107 9.9991E-05 1
117: 0.0469933 0.0385854 0.907734 0.00668727 1
118: 0.0488516 0.0130918 0.910437 0.0276195 1
119: 0.96254 9.9982E-05 0.0372597 9.9982E-05 1

1: 0.0195721 0.782545 0.176853 0.0210301 1
2: 9.998E-05 0.9997 9.998E-05 9.998E-05 1
3: 0.0213461 0.910957 0.0675969 9.9991E-05 1
4: 9.999E-05 0.77432 0.203452 0.0221281 1
5: 0.963053 0.0185597 0.0177102 0.000677301 1
6: 0.936445 0.0418321 9.9991E-05 0.0216227 1
7: 0.0312466 0.909761 0.0521348 0.00685736 1
8: 9.998E-05 0.9997 9.998E-05 9.998E-05 1
9: 0.0037233 0.949277 0.0468999 9.9991E-05 1
10: 9.998E-05 9.998E-05 9.998E-05 0.9997 1
11: 9.998E-05 9.998E-05 9.998E-05 0.9997 1
12: 0.0296333 0.0217524 9.9991E-05 0.948514 1
13: 0.0127814 0.0165799 9.9991E-05 0.970539 1
14: 9.9982E-05 0.017396 9.9982E-05 0.982404 1
15: 0.627451 0.246876 9.9991E-05 0.125572 1
16: 9.9991E-05 0.958606 0.0153377 0.0259563 1
17: 9.9991E-05 0.98355 0.013893 0.00245681 1
18: 9.998E-05 0.9997 9.998E-05 9.998E-05 1
19: 9.998E-05 0.9997 9.998E-05 9.998E-05 1
20: 0.0200142 0.892449 0.0696047 0.0179325 1
21: 0.0288058 0.853092 0.10459 0.0135127 1
22: 0.017892 0.930855 0.0429773 0.00827611 1
23: 0.95065 0.0184669 9.9991E-05 0.0307828 1
24: 0.00495066 9.9991E-05 0.0193022 0.975647 1
25: 0.9997 9.998E-05 9.998E-05 9.998E-05 1
26: 9.998E-05 9.998E-05 0.9997 9.998E-05 1
27: 0.9997 9.998E-05 9.998E-05 9.998E-05 1
28: 0.9997 9.998E-05 9.998E-05 9.998E-05 1
29: 0.9997 9.998E-05 9.998E-05 9.998E-05 1
30: 0.979231 9.9982E-05 0.0205694 9.9982E-05 1
31: 0.993717 9.9982E-05 9.9982E-05 0.00608317 1
32: 0.9997 9.998E-05 9.998E-05 9.998E-05 1
33: 9.998E-05 9.998E-05 0.9997 9.998E-05 1
34: 0.0394908 9.9991E-05 0.0141957 0.946213 1
35: 9.998E-05 9.998E-05 0.9997 9.998E-05 1
36: 0.00290621 0.0243943 0.0158588 0.956841 1
37: 0.0311282 9.9991E-05 0.966451 0.00232094 1
38: 0.0112106 9.9991E-05 0.985379 0.00331091 1
39: 0.0138658 9.9991E-05 0.0013207 0.984714 1
40: 9.9982E-05 9.9982E-05 0.00908534 0.990715 1
41: 9.9991E-05 0.0216744 0.950097 0.0281288 1
42: 0.0124949 0.0204049 9.9991E-05 0.967 1
43: 0.0126182 9.9991E-05 0.971108 0.0161742 1
44: 0.0297019 9.9982E-05 9.9982E-05 0.970098 1
45: 0.0310173 9.9991E-05 0.00674007 0.962143 1
46: 9.9991E-05 0.0111994 0.00335766 0.985343 1
47: 0.000555927 0.0183383 0.0103412 0.970765 1
48: 9.998E-05 9.998E-05 9.998E-05 0.9997 1
49: 9.998E-05 9.998E-05 9.998E-05 0.9997 1
50: 9.9991E-05 0.017884 0.00489553 0.97712 1
51: 0.00229827 0.0593435 9.9991E-05 0.938258 1
52: 0.0175989 0.0211494 9.9991E-05 0.961152 1
53: 0.0105566 9.9982E-05 9.9982E-05 0.989243 1
54: 0.00320564 9.9982E-05 9.9982E-05 0.996594 1
55: 0.0143782 9.9982E-05 9.9982E-05 0.985422 1
56: 9.998E-05 9.998E-05 9.998E-05 0.9997 1
57: 9.9982E-05 9.9982E-05 0.0184488 0.981351 1
58: 9.998E-05 9.998E-05 0.9997 9.998E-05 1
59: 0.0220222 0.0611453 0.916733 9.9991E-05 1
60: 9.9991E-05 0.0359531 0.93188 0.0320665 1
61: 9.998E-05 9.998E-05 9.998E-05 0.9997 1
62: 0.0188583 9.9991E-05 0.00625666 0.974785 1
63: 9.9982E-05 9.9982E-05 0.0261308 0.973669 1
64: 9.9982E-05 0.013196 9.9982E-05 0.986604 1
65: 9.9982E-05 0.0193096 9.9982E-05 0.98049 1
66: 9.9982E-05 0.00677394 9.9982E-05 0.993026 1
67: 9.9982E-05 9.9982E-05 0.0255891 0.974211 1
68: 0.00521484 9.9991E-05 0.0108219 0.983863 1
69: 0.000658171 9.9982E-05 9.9982E-05 0.999142 1
70: 0.00322315 9.9991E-05 0.0149358 0.981741 1
71: 9.9982E-05 9.9982E-05 0.0212586 0.978541 1
72: 0.0172651 0.0277458 0.0173254 0.937664 1
73: 0.0077049 9.9991E-05 0.00710119 0.985094 1
74: 9.998E-05 9.998E-05 9.998E-05 0.9997 1
75: 9.998E-05 9.998E-05 9.998E-05 0.9997 1
76: 9.9982E-05 0.0268457 9.9982E-05 0.972954 1
77: 0.00159549 0.0131453 0.0112352 0.974024 1
78: 9.9982E-05 9.9982E-05 0.0187191 0.981081 1
79: 0.0253494 9.9982E-05 9.9982E-05 0.974451 1
80: 0.0234775 9.9991E-05 0.00872126 0.967701 1
81: 9.998E-05 9.998E-05 9.998E-05 0.9997 1
82: 9.9991E-05 0.0328641 0.0169003 0.950136 1
83: 9.998E-05 9.998E-05 9.998E-05 0.9997 1
84: 0.0224751 0.0264584 9.9991E-05 0.950966 1
85: 9.9982E-05 0.024763 9.9982E-05 0.975037 1
86: 9.9982E-05 0.00653635 9.9982E-05 0.993264 1
87: 0.0271193 9.9982E-05 9.9982E-05 0.972681 1
88: 9.998E-05 9.998E-05 9.998E-05 0.9997 1
89: 9.9982E-05 9.9982E-05 0.0172388 0.982561 1
90: 9.9982E-05 0.00558253 9.9982E-05 0.994218 1
91: 0.0201261 0.00920015 0.0155123 0.955162 1
92: 9.9982E-05 0.0117855 9.9982E-05 0.988015 1
93: 9.9982E-05 0.0193658 9.9982E-05 0.980434 1
94: 0.0202222 0.000600844 9.9991E-05 0.979077 1
95: 0.0140784 9.9991E-05 0.000526854 0.985295 1
96: 9.998E-05 9.998E-05 9.998E-05 0.9997 1
97: 9.9991E-05 0.0112189 0.00657049 0.982111 1
98: 0.0139484 9.9982E-05 9.9982E-05 0.985852 1
99: 0.00278369 9.9991E-05 0.0256451 0.971471 1
100: 9.9982E-05 0.0830442 0.916756 9.9982E-05 1
101: 9.9982E-05 9.9982E-05 0.996989 0.00281148 1
102: 9.998E-05 9.998E-05 0.9997 9.998E-05 1
103: 0.0094676 0.0524856 0.937947 9.9991E-05 1
104: 0.0163903 9.9982E-05 0.98341 9.9982E-05 1
105: 0.0106557 9.9991E-05 0.982339 0.0069051 1
106: 0.875086 0.0480945 0.00975473 0.0670643 1
107: 9.998E-05 9.998E-05 0.9997 9.998E-05 1
108: 0.00676278 0.055562 0.937575 9.9991E-05 1
109: 9.9982E-05 0.00837148 0.991429 9.9982E-05 1
110: 0.0230876 0.0390551 0.937443 0.000414124 1
111: 9.9991E-05 0.041008 0.00752916 0.951363 1
112: 9.998E-05 0.9997 9.998E-05 9.998E-05 1
113: 0.812057 0.0966013 0.0359647 0.055377 1
114: 0.966771 9.9991E-05 0.0247328 0.00839597 1
115: 9.9982E-05 0.989386 0.0104145 9.9982E-05 1
116: 0.0234738 0.95428 0.022146 9.9991E-05 1
117: 9.9991E-05 0.910528 0.0559739 0.0333983 1
118: 0.042961 0.886265 0.060839 0.0099352 1
119: 0.979826 0.0105202 0.00955358 9.9991E-05 1

1: 0.934382 0.0140149 0.0117225 0.0398802 1
2: 0.964813 9.9991E-05 0.0170271 0.0180595 1
3: 0.918102 9.9991E-05 0.0175611 0.0642365 1
4: 0.9398 0.0355079 9.9991E-05 0.0245925 1
5: 0.0134748 9.9991E-05 0.00509579 0.981329 1
6: 0.0258697 0.0155341 0.00991109 0.948685 1
7: 0.911393 0.0409457 9.9991E-05 0.0475614 1
8: 0.957421 9.9991E-05 0.0284391 0.0140402 1
9: 0.971455 9.99831E-05 9.99831E-05 0.0283449 1
10: 9.9982E-05 0.939087 0.0607126 9.9982E-05 1
11: 9.9982E-05 0.0368614 0.962939 9.9982E-05 1
12: 9.999E-05 0.89644 0.0759918 0.0274685 1
13: 9.998E-05 0.9997 9.998E-05 9.998E-05 1
14: 9.9982E-05 0.403523 0.596277 9.9982E-05 1
15: 0.214218 0.0347683 0.107614 0.643399 1
16: 0.91179 9.9991E-05 0.0286176 0.0594921 1
17: 0.962363 0.0096609 9.9991E-05 0.027876 1
18: 0.983657 9.9991E-05 0.00271244 0.0135302 1
19: 0.977267 9.9982E-05 9.9982E-05 0.022533 1
20: 0.893837 0.0525087 9.9991E-05 0.053554 1
21: 0.918477 0.0412243 0.00576694 0.0345318 1
22: 0.947136 0.00289886 0.010689 0.0392763 1
23: 0.0235305 0.0190799 0.0284558 0.928934 1
24: 9.9982E-05 0.889379 0.110421 9.9982E-05 1
25: 9.9982E-05 9.9982E-05 0.00243283 0.997367 1
26: 0.9997 9.998E-05 9.998E-05 9.998E-05 1
27: 9.998E-05 9.998E-05 9.998E-05 0.9997 1
28: 9.998E-05 9.998E-05 9.998E-05 0.9997 1
29: 9.998E-05 9.998E-05 9.998E-05 0.9997 1
30: 0.0200066 0.00627641 9.9991E-05 0.973617 1
31: 9.998E-05 9.998E-05 9.998E-05 0.9997 1
32: 9.998E-05 9.998E-05 9.998E-05 0.9997 1
33: 0.9997 9.998E-05 9.998E-05 9.998E-05 1
34: 0.0233521 0.868071 0.0720845 0.0364928 1
35: 0.9997 9.998E-05 9.998E-05 9.998E-05 1
36: 0.019608 0.932962 0.04733 9.9991E-05 1
37: 0.985306 9.9982E-05 9.9982E-05 0.0144937 1
38: 0.9997 9.998E-05 9.998E-05 9.998E-05 1
39: 9.9982E-05 0.985261 9.9982E-05 0.0145393 1
40: 0.0154579 0.984342 9.9982E-05 9.9982E-05 1
41: 0.968952 0.0308485 9.9982E-05 9.9982E-05 1
42: 0.00861746 0.937918 0.0362554 0.0172096 1
43: 0.989305 9.9982E-05 9.9982E-05 0.0104955 1
44: 9.9991E-05 0.040415 0.94879 0.0106949 1
45: 9.9991E-05 0.496941 0.472072 0.0308865 1
46: 9.9991E-05 0.109813 0.880884 0.00920249 1
47: 0.0188609 0.108287 0.872752 9.9991E-05 1
48: 9.9982E-05 0.584183 0.415617 9.9982E-05 1
49: 9.9982E-05 0.743745 0.256055 9.9982E-05 1
50: 9.9982E-05 0.466039 0.533761 9.9982E-05 1
51: 0.0124975 9.9991E-05 0.982283 0.00511913 1
52: 0.00566191 0.0949748 0.874402 0.0249617 1
53: 9.9982E-05 0.230951 0.768849 9.9982E-05 1
54: 9.9982E-05 0.513243 0.486557 9.9982E-05 1
55: 9.9982E-05 0.730551 0.269249 9.9982E-05 1
56: 9.9991E-05 0.0340821 0.959121 0.0066973 1
57: 9.9982E-05 0.395981 0.603819 9.9982E-05 1
58: 0.9997 9.998E-05 9.998E-05 9.998E-05 1
59: 0.998067 9.9982E-05 9.9982E-05 0.00173313 1
60: 0.994564 0.000533056 0.00480326 9.9991E-05 1
61: 9.9991E-05 0.0560428 0.938738 0.00511873 1
62: 9.9991E-05 0.939061 0.0514334 0.00940537 1
63: 0.0145154 0.343342 0.642042 9.9991E-05 1
64: 0.00868699 0.351458 0.639755 9.9991E-05 1
65: 0.00830243 0.627015 0.364583 9.9991E-05 1
66: 0.00775323 0.667293 0.324854 9.9991E-05 1
67: 0.00248941 0.248337 0.749073 9.9991E-05 1
68: 9.9991E-05 0.911787 0.0820693 0.006044 1
69: 9.998E-05 0.9997 9.998E-05 9.998E-05 1
70: 9.998E-05 9.998E-05 0.9997 9.998E-05 1
71: 0.00755844 0.0211141 0.971228 9.9991E-05 1
72: 0.00936592 0.759098 0.204397 0.0271394 1
73: 9.9982E-05 0.475381 0.524419 9.9982E-05 1
74: 9.9982E-05 0.497281 0.502519 9.9982E-05 1
75: 9.9982E-05 0.788472 0.211328 9.9982E-05 1
76: 0.0115163 0.988284 9.9982E-05 9.9982E-05 1
77: 0.024812 0.836774 0.138314 9.9991E-05 1
78: 0.00131062 0.6054 0.393189 9.9991E-05 1
79: 9.9982E-05 0.980112 9.9982E-05 0.0196878 1
80: 0.0204248 0.974741 0.004734 9.9991E-05 1
81: 0.0109328 0.272675 0.716292 9.9991E-05 1
82: 0.0295441 0.00326556 0.96709 9.9991E-05 1
83: 9.9982E-05 0.489054 0.510746 9.9982E-05 1
84: 0.0177414 0.301034 0.671392 0.00983297 1
85: 0.012885 0.328491 0.658524 9.9991E-05 1
86: 0.0202867 0.398774 0.580839 9.9991E-05 1
87: 9.9991E-05 0.676722 0.314347 0.00883063 1
88: 9.9982E-05 0.00243621 0.997364 9.9982E-05 1
89: 0.0146914 0.38684 0.594094 0.00437464 1
90: 9.9982E-05 0.329098 0.670702 9.9982E-05 1
91: 9.9991E-05 0.299768 0.667472 0.0326605 1
92: 9.998E-05 9.998E-05 0.9997 9.998E-05 1
93: 9.9982E-05 0.577055 0.422745 9.9982E-05 1
94: 9.9991E-05 0.350248 0.639837 0.00981422 1
95: 9.9991E-05 0.134599 0.850483 0.0148182 1
96: 9.9991E-05 0.303169 0.693244 0.00348695 1
97: 0.0162114 0.446552 0.537136 9.9991E-05 1
98: 0.000115637 0.637475 0.354007 0.00840172 1
99: 0.0326194 0.043833 0.908234 0.0153137 1
100: 0.9997 9.998E-05 9.998E-05 9.998E-05 1
101: 0.997933 0.0018669 9.9982E-05 9.9982E-05 1
102: 0.991011 0.00878913 9.9982E-05 9.9982E-05 1
103: 0.988775 0.00155595 9.9991E-05 0.00956902 1
104: 0.9997 9.998E-05 9.998E-05 9.998E-05 1
105: 0.9997 9.998E-05 9.998E-05 9.998E-05 1
106: 0.0687258 0.0120866 0.0678286 0.851359 1
107: 0.9997 9.998E-05 9.998E-05 9.998E-05 1
108: 0.9997 9.998E-05 9.998E-05 9.998E-05 1
109: 0.998113 0.00168746 9.9982E-05 9.9982E-05 1
110: 0.9997 9.998E-05 9.998E-05 9.998E-05 1
111: 0.038396 0.793403 0.168101 9.9991E-05 1
112: 0.970555 9.9982E-05 9.9982E-05 0.0292454 1
113: 0.118762 9.9991E-05 0.0654353 0.815703 1
114: 0.0177799 0.00306503 9.9991E-05 0.979055 1
115: 0.944157 9.9982E-05 9.9982E-05 0.0556433 1
116: 0.932543 9.9991E-05 0.0254404 0.0419166 1
117: 0.911011 9.9991E-05 0.0579131 0.0309756 1
118: 0.929609 0.00263196 9.9991E-05 0.0676594 1
119: 0.0336967 9.9982E-05 9.9982E-05 0.966103 1

1: 0.838603 0.00883709 9.9991E-05 0.152459 1
2: 0.9997 9.998E-05 9.998E-05 9.998E-05 1
3: 0.918478 0.0166032 0.0261051 0.0388141 1
4: 0.774713 0.0512522 9.9991E-05 0.173935 1
5: 0.0231651 9.9982E-05 0.976635 9.9982E-05 1
6: 0.0154615 0.0186698 0.965769 9.9991E-05 1
7: 0.895782 9.9991E-05 0.0337727 0.0703457 1
8: 0.9997 9.998E-05 9.998E-05 9.998E-05 1
9: 0.956925 0.00243455 0.0102382 0.0304023 1
10: 9.998E-05 0.9997 9.998E-05 9.998E-05 1
11: 9.998E-05 0.9997 9.998E-05 9.998E-05 1
12: 9.999E-05 0.966755 0.00373561 0.0294096 1
13: 9.998E-05 0.9997 9.998E-05 9.998E-05 1
14: 0.0060406 0.993759 9.9982E-05 9.9982E-05 1
15: 0.23052 0.147205 0.622174 9.9991E-05 1
16: 0.944678 0.0269415 0.000786356 0.0275938 1
17: 0.966834 0.00499807 9.9991E-05 0.0280677 1
18: 0.9997 9.998E-05 9.998E-05 9.998E-05 1
19: 0.9997 9.998E-05 9.998E-05 9.998E-05 1
20: 0.905919 0.0131579 0.0283661 0.0525568 1
21: 0.837418 0.0211632 0.00803755 0.133381 1
22: 0.91266 9.9991E-05 0.0295622 0.057678 1
23: 0.022794 0.0279044 0.949202 9.9991E-05 1
24: 9.9991E-05 0.966149 0.0114293 0.0223216 1
25: 9.9982E-05 9.9982E-05 0.995976 0.00382423 1
26: 9.998E-05 9.998E-05 9.998E-05 0.9997 1
27: 9.998E-05 9.998E-05 0.9997 9.998E-05 1
28: 9.998E-05 9.998E-05 0.9997 9.998E-05 1
29: 9.998E-05 9.998E-05 0.9997 9.998E-05 1
30: 9.9991E-05 0.0113755 0.97745 0.0110748 1
31: 9.9982E-05 0.0152696 0.98453 9.9982E-05 1
32: 9.998E-05 9.998E-05 0.9997 9.998E-05 1
33: 9.998E-05 9.998E-05 9.998E-05 0.9997 1
34: 0.0121709 0.952398 0.0329109 0.00251984 1
35: 9.998E-05 9.998E-05 9.998E-05 0.9997 1
36: 0.00425769 0.970103 0.0031756 0.0224639 1
37: 9.9991E-05 0.0257109 0.0225363 0.951653 1
38: 9.998E-05 9.998E-05 9.998E-05 0.9997 1
39: 9.9982E-05 0.989676 0.0101239 9.9982E-05 1
40: 9.9982E-05 0.994601 9.9982E-05 0.00519898 1
41: 0.0108341 0.0265251 0.00626664 0.956374 1
42: 9.9982E-05 0.974661 0.0251388 9.9982E-05 1
43: 9.9982E-05 9.9982E-05 0.0177202 0.98208 1
44: 9.9991E-05 0.980226 0.0102259 0.00944789 1
45: 9.9991E-05 0.958344 0.0403879 0.00116779 1
