1: 0.00681535 0.0420577 0.951127 1
2: 9.999E-05 0.0273592 0.972541 1
3: 0.0106818 0.0509636 0.938355 1
4: 0.0295461 0.041255 0.929199 1
5: 9.9991E-05 0.968939 0.0309611 1
6: 0.0312391 0.940681 0.0280803 1
7: 0.00728634 0.0754867 0.917227 1
8: 0.0079231 0.0395062 0.952571 1
9: 9.9991E-05 0.0493715 0.950528 1
10: 0.9998 9.999E-05 9.999E-05 1
11: 0.9998 9.999E-05 9.999E-05 1
12: 0.961579 0.0335112 0.00490995 1
13: 0.9998 9.999E-05 9.999E-05 1
14: 0.9998 9.999E-05 9.999E-05 1
15: 0.146983 0.667036 0.185981 1
16: 0.0338038 0.059014 0.907182 1
17: 0.0430169 0.0206773 0.936306 1
18: 9.9991E-05 0.022095 0.977805 1
19: 0.00855054 0.0174489 0.974001 1
20: 0.0106515 0.0626428 0.926706 1
21: 0.0307076 0.0414207 0.927872 1
22: 0.00153958 0.0546292 0.943831 1
23: 0.0146068 0.980886 0.00450749 1
24: 0.972224 0.0106197 0.0171567 1
25: 9.999E-05 0.9998 9.999E-05 1
26: 9.999E-05 9.999E-05 0.9998 1
27: 9.999E-05 0.9998 9.999E-05 1
28: 9.999E-05 0.9998 9.999E-05 1
29: 9.999E-05 0.9998 9.999E-05 1
30: 9.9991E-05 0.981359 0.0185411 1
31: 0.00467767 0.995222 9.9991E-05 1
32: 9.999E-05 0.9998 9.999E-05 1
33: 9.999E-05 9.999E-05 0.9998 1
34: 0.952582 0.0451488 0.00226892 1
35: 9.999E-05 9.999E-05 0.9998 1
36: 0.975357 0.00504853 0.019594 1
37: 9.999E-05 9.999E-05 0.9998 1
38: 9.999E-05 9.999E-05 0.9998 1
39: 0.962214 0.0159108 0.0218748 1
40: 0.992923 9.9991E-05 0.00697652 1
41: 0.00914234 9.9991E-05 0.990758 1
42: 0.966325 0.0277789 0.00589606 1
43: 0.0207164 0.00389507 0.975389 1
44: 0.970308 0.029592 9.9991E-05 1
45: 0.971149 0.0287506 9.9991E-05 1
46: 0.976291 0.00143916 0.0222699 1
47: 0.975689 9.9991E-05 0.0242108 1
48: 0.9998 9.999E-05 9.999E-05 1
49: 0.9998 9.999E-05 9.999E-05 1
50: 0.991171 9.9991E-05 0.00872913 1
51: 0.966841 9.9991E-05 0.0330594 1
52: 0.952866 0.0130814 0.0340528 1
53: 0.9998 9.999E-05 9.999E-05 1
54: 0.995895 0.00400542 9.9991E-05 1
55: 0.995379 0.00452101 9.9991E-05 1
56: 0.999395 9.9991E-05 0.000504941 1
57: 0.9998 9.999E-05 9.999E-05 1
58: 9.999E-05 9.999E-05 0.9998 1
59: 9.999E-05 9.999E-05 0.9998 1
60: 9.999E-05 9.999E-05 0.9998 1
61: 0.9998 9.999E-05 9.999E-05 1
62: 0.967071 0.0328287 9.9991E-05 1
63: 0.978161 9.9991E-05 0.0217392 1
64: 0.973694 9.9991E-05 0.0262062 1
65: 0.9998 9.999E-05 9.999E-05 1
66: 0.9998 9.999E-05 9.999E-05 1
67: 0.992786 9.9991E-05 0.00711442 1
68: 0.988 9.9991E-05 0.0118997 1
69: 0.9998 9.99901E-05 9.99901E-05 1
70: 0.993913 9.9991E-05 0.00598715 1
71: 0.97955 0.0035767 0.0168734 1
72: 0.941314 0.0273015 0.0313849 1
73: 0.991444 0.00845551 9.9991E-05 1
74: 0.9998 9.999E-05 9.999E-05 1
75: 0.9998 9.999E-05 9.999E-05 1
76: 0.996269 9.9991E-05 0.00363149 1
77: 0.988795 9.9991E-05 0.0111049 1
78: 0.972109 9.9991E-05 0.0277914 1
79: 0.970326 0.0295739 9.9991E-05 1
80: 0.962744 9.9991E-05 0.0371563 1
81: 0.9998 9.999E-05 9.999E-05 1
82: 0.951035 9.9991E-05 0.0488647 1
83: 0.9998 9.999E-05 9.999E-05 1
84: 0.950882 0.015159 0.033959 1
85: 0.984669 9.9991E-05 0.0152314 1
86: 0.989291 9.9991E-05 0.0106085 1
87: 0.981734 0.0181664 9.9991E-05 1
88: 0.9998 9.999E-05 9.999E-05 1
89: 0.990979 0.00140352 0.00761743 1
90: 0.985701 0.0141987 9.9991E-05 1
91: 0.979517 0.020383 9.9991E-05 1
92: 0.9998 9.999E-05 9.999E-05 1
93: 0.9998 9.999E-05 9.999E-05 1
94: 0.996543 0.0033571 9.9991E-05 1
95: 0.988955 0.0109448 9.9991E-05 1
96: 0.99524 0.0046604 9.9991E-05 1
97: 0.969602 9.9991E-05 0.0302985 1
98: 0.97563 0.0242697 9.9991E-05 1
99: 0.969656 0.00589128 0.0244527 1
100: 9.999E-05 9.999E-05 0.9998 1
101: 9.999E-05 9.999E-05 0.9998 1
102: 0.012866 9.9991E-05 0.987034 1
103: 9.999E-05 9.999E-05 0.9998 1
104: 0.00302437 9.9991E-05 0.996876 1
105: 0.00287937 9.9991E-05 0.997021 1
106: 0.0483068 0.901807 0.0498861 1
107: 9.999E-05 9.999E-05 0.9998 1
108: 9.999E-05 9.999E-05 0.9998 1
109: 9.999E-05 9.999E-05 0.9998 1
110: 9.999E-05 9.999E-05 0.9998 1
111: 0.951444 9.9991E-05 0.0484558 1
112: 9.9991E-05 0.0362183 0.963682 1
113: 0.0626201 0.815167 0.122213 1
114: 0.003847 0.988556 0.00759725 1
115: 0.00281415 0.0559329 0.941253 1
116: 9.9991E-05 0.0534027 0.946497 1
117: 0.0778078 0.0414925 0.8807 1
118: 0.0161374 0.0628919 0.920971 1
119: 9.9991E-05 0.975105 0.0247951 1

1: 0.0309021 0.958039 0.0110593 1
2: 0.0185486 0.978569 0.00288278 1
3: 0.0622036 0.927808 0.00998808 1
4: 0.042579 0.910318 0.0471026 1
5: 0.992028 0.00370525 0.00426625 1
6: 0.931454 0.020228 0.0483182 1
7: 0.0695327 0.930367 9.9991E-05 1
8: 0.0224653 0.977435 9.9991E-05 1
9: 0.0641085 0.935791 9.9991E-05 1
10: 9.999E-05 9.999E-05 0.9998 1
11: 9.999E-05 9.999E-05 0.9998 1
12: 0.0220382 0.0136775 0.964284 1
13: 0.00755582 9.9991E-05 0.992344 1
14: 9.9991E-05 0.00765471 0.992245 1
15: 0.668706 0.200477 0.130817 1
16: 0.0425475 0.936189 0.021264 1
17: 0.0177764 0.969013 0.0132104 1
18: 0.0103578 0.988829 0.00081367 1
19: 0.0193733 0.980527 9.9991E-05 1
20: 0.0755871 0.898525 0.0258883 1
21: 0.0294045 0.942842 0.0277534 1
22: 0.0469816 0.937524 0.0154947 1
23: 0.944724 0.0225132 0.0327633 1
24: 9.999E-05 9.999E-05 0.9998 1
25: 0.9998 9.999E-05 9.999E-05 1
26: 9.999E-05 0.9998 9.999E-05 1
27: 0.9998 9.999E-05 9.999E-05 1
28: 0.9998 9.999E-05 9.999E-05 1
29: 0.9998 9.999E-05 9.999E-05 1
30: 0.991731 9.9991E-05 0.00816916 1
31: 0.9998 9.999E-05 9.999E-05 1
32: 0.9998 9.999E-05 9.999E-05 1
33: 9.9991E-05 0.97874 0.0211599 1
34: 0.0447655 0.0148916 0.940343 1
35: 9.999E-05 0.9998 9.999E-05 1
36: 0.00870115 0.0197499 0.971549 1
37: 0.0216399 0.964947 0.0134133 1
38: 9.999E-05 0.9998 9.999E-05 1
39: 0.0254805 0.00702115 0.967498 1
40: 9.9991E-05 0.00698014 0.99292 1
41: 9.9991E-05 0.959023 0.0408767 1
42: 0.0461165 9.9991E-05 0.953783 1
43: 9.9991E-05 0.985781 0.014119 1
44: 0.0237233 9.999E-05 0.976177 1
45: 0.0350691 9.9991E-05 0.964831 1
46: 0.0183862 0.0111539 0.97046 1
47: 9.9991E-05 0.024173 0.975727 1
48: 9.999E-05 9.999E-05 0.9998 1
49: 9.999E-05 9.999E-05 0.9998 1
50: 9.9991E-05 0.0145743 0.985326 1
51: 0.0174448 0.0349267 0.947629 1
52: 0.0291059 0.0209393 0.949955 1
53: 0.0153639 0.000828507 0.983808 1
54: 0.00418325 0.0023174 0.993499 1
55: 0.0108044 9.999E-05 0.989096 1
56: 9.999E-05 9.999E-05 0.9998 1
57: 9.9991E-05 0.0163993 0.983501 1
58: 9.999E-05 0.9998 9.999E-05 1
59: 9.999E-05 0.9998 9.999E-05 1
60: 9.9991E-05 0.951734 0.0481664 1
61: 9.999E-05 9.999E-05 0.9998 1
62: 0.0201402 9.9991E-05 0.97976 1
63: 9.9991E-05 0.0267436 0.973156 1
64: 9.9991E-05 0.0177031 0.982197 1
65: 9.9991E-05 0.0167164 0.983184 1
66: 9.9991E-05 0.00458355 0.995316 1
67: 9.9991E-05 0.00833739 0.991563 1
68: 9.999E-05 9.999E-05 0.9998 1
69: 0.000113129 9.9991E-05 0.999787 1
70: 9.9991E-05 0.00591618 0.993984 1
71: 9.9991E-05 0.0140666 0.985833 1
72: 0.0383498 0.00371705 0.957933 1
73: 9.999E-05 9.999E-05 0.9998 1
74: 9.999E-05 9.999E-05 0.9998 1
75: 9.999E-05 9.999E-05 0.9998 1
76: 0.00643073 0.0183189 0.97525 1
77: 9.9991E-05 0.0256205 0.97428 1
78: 9.9991E-05 0.0212881 0.978612 1
79: 0.015219 9.9991E-05 0.984681 1
80: 0.00547265 0.031677 0.96285 1
81: 9.999E-05 9.999E-05 0.9998 1
82: 9.9991E-05 0.0490021 0.950898 1
83: 9.999E-05 9.999E-05 0.9998 1
84: 0.0211831 0.0137136 0.965103 1
85: 9.9991E-05 0.00357768 0.996322 1
86: 0.000894514 0.0215307 0.977575 1
87: 0.0224977 9.9991E-05 0.977402 1
88: 9.999E-05 9.999E-05 0.9998 1
89: 9.9991E-05 0.022362 0.977538 1
90: 9.999E-05 9.999E-05 0.9998 1
91: 0.0209878 0.0305884 0.948424 1
92: 9.9991E-05 0.00637386 0.993526 1
93: 9.999E-05 9.999E-05 0.9998 1
94: 0.0214055 9.999E-05 0.978494 1
95: 0.0125554 9.999E-05 0.987345 1
96: 0.00422713 0.0140875 0.981685 1
97: 9.9991E-05 0.0140017 0.985898 1
98: 0.0144309 9.999E-05 0.985469 1
99: 0.0167664 0.0427191 0.940514 1
100: 9.999E-05 0.9998 9.999E-05 1
101: 9.9991E-05 0.992925 0.00697515 1
102: 9.999E-05 0.9998 9.999E-05 1
103: 9.999E-05 0.9998 9.999E-05 1
104: 9.999E-05 0.9998 9.999E-05 1
105: 9.9991E-05 0.998987 0.00091322 1
106: 0.880526 0.0587998 0.0606742 1
107: 9.999E-05 0.9998 9.999E-05 1
108: 0.00444882 0.995451 9.9991E-05 1
109: 9.999E-05 0.9998 9.999E-05 1
110: 9.999E-05 0.9998 9.999E-05 1
111: 9.9991E-05 0.0421355 0.957764 1
112: 0.00419739 0.995703 9.9991E-05 1
113: 0.825133 0.120041 0.0548259 1
114: 0.973075 0.0226892 0.00423568 1
115: 0.0251265 0.974774 9.9991E-05 1
116: 0.0349929 0.959547 0.00545982 1
117: 0.0374108 0.930656 0.031933 1
118: 0.0615768 0.938323 9.9991E-05 1
119: 0.962806 0.037094 9.9991E-05 1

1: 0.00743295 0.95527 0.0372973 1
2: 0.00960017 0.936066 0.0543341 1
3: 9.999E-05 0.941407 0.0584926 1
4: 0.037096 0.93501 0.0278939 1
5: 9.9991E-05 0.0309953 0.968905 1
6: 0.0275609 0.00629432 0.966145 1
7: 0.00299767 0.913614 0.0833884 1
8: 9.999E-05 0.982665 0.0172349 1
9: 0.0165761 0.953047 0.0303772 1
10: 0.9998 9.999E-05 9.999E-05 1
11: 0.999135 9.9991E-05 0.00076498 1
12: 0.964409 9.9991E-05 0.0354906 1
13: 0.988727 9.9991E-05 0.011173 1
14: 0.9998 9.999E-05 9.999E-05 1
15: 0.137788 0.200412 0.6618 1
16: 0.0360578 0.926438 0.0375041 1
17: 0.0496815 0.942161 0.00815745 1
18: 9.9991E-05 0.972225 0.0276747 1
19: 0.00257512 0.97032 0.0271049 1
20: 0.0241925 0.896546 0.0792612 1
21: 0.014049 0.941418 0.0445335 1
22: 9.9991E-05 0.946548 0.0533515 1
23: 0.0360336 9.9991E-05 0.963866 1
24: 0.978521 0.0189589 0.00251985 1
25: 9.999E-05 9.999E-05 0.9998 1
26: 9.999E-05 0.9998 9.999E-05 1
27: 9.999E-05 9.999E-05 0.9998 1
28: 9.999E-05 9.999E-05 0.9998 1
29: 9.999E-05 9.999E-05 0.9998 1
30: 9.999E-05 9.999E-05 0.9998 1
31: 0.00329605 9.9991E-05 0.996604 1
32: 9.999E-05 9.999E-05 0.9998 1
33: 0.0106089 0.989291 9.9991E-05 1
34: 0.962457 0.0048301 0.0327132 1
35: 9.999E-05 0.9998 9.999E-05 1
36: 0.964773 0.0351268 9.9991E-05 1
37: 9.999E-05 0.9998 9.999E-05 1
38: 0.00564408 0.994256 9.9991E-05 1
39: 0.977139 0.0227613 9.9991E-05 1
40: 0.986776 0.0131243 9.9991E-05 1
41: 0.0195959 0.980304 9.9991E-05 1
42: 0.98023 9.9991E-05 0.01967 1
43: 0.0163733 0.983527 9.9991E-05 1
44: 0.980094 9.9991E-05 0.0198064 1
45: 0.969396 9.9991E-05 0.030504 1
46: 0.987768 0.0121319 9.9991E-05 1
47: 0.971103 0.0219453 0.00695173 1
48: 0.9998 9.999E-05 9.999E-05 1
49: 0.9998 9.999E-05 9.999E-05 1
50: 0.985322 0.0145785 9.9991E-05 1
51: 0.950713 0.049187 9.9991E-05 1
52: 0.966914 0.0235205 0.00956587 1
53: 0.9998 9.999E-05 9.999E-05 1
54: 0.9998 9.999E-05 9.999E-05 1
55: 0.979684 0.0202161 9.9991E-05 1
56: 0.993655 0.00624489 9.9991E-05 1
57: 0.991675 0.00822477 9.9991E-05 1
58: 0.00648233 0.993418 9.9991E-05 1
59: 9.999E-05 0.9998 9.999E-05 1
60: 0.0282939 0.971606 9.9991E-05 1
61: 0.9998 9.999E-05 9.999E-05 1
62: 0.981709 0.0132414 0.00505007 1
63: 0.987717 0.0121825 9.9991E-05 1
64: 0.972714 0.0271862 9.9991E-05 1
65: 0.992531 9.9991E-05 0.00736929 1
66: 0.9998 9.999E-05 9.999E-05 1
67: 0.99631 0.00358953 9.9991E-05 1
68: 0.987604 0.00049807 0.0118975 1
69: 0.998986 9.9991E-05 0.000914446 1
70: 0.9998 9.999E-05 9.999E-05 1
71: 0.966745 0.033155 9.9991E-05 1
72: 0.972379 0.0232426 0.00437827 1
73: 0.9998 9.999E-05 9.999E-05 1
74: 0.9998 9.999E-05 9.999E-05 1
75: 0.9998 9.999E-05 9.999E-05 1
76: 0.977507 0.0156065 0.00688686 1
77: 0.98012 0.0197803 9.9991E-05 1
78: 0.975463 0.0244373 9.9991E-05 1
79: 0.977427 9.9991E-05 0.0224733 1
80: 0.970793 0.0210757 0.0081309 1
81: 0.9998 9.999E-05 9.999E-05 1
82: 0.947015 0.0528847 9.9991E-05 1
83: 0.9998 9.999E-05 9.999E-05 1
84: 0.950357 0.0346553 0.0149881 1
85: 0.979999 0.0199015 9.9991E-05 1
86: 0.991396 0.00850387 9.9991E-05 1
87: 0.964793 9.9991E-05 0.0351069 1
88: 0.9998 9.999E-05 9.999E-05 1
89: 0.970417 0.0294828 9.9991E-05 1
90: 0.9998 9.999E-05 9.999E-05 1
91: 0.955315 0.0121977 0.0324876 1
92: 0.987172 0.00317371 0.00965421 1
93: 0.9998 9.999E-05 9.999E-05 1
94: 0.964733 9.9991E-05 0.0351665 1
95: 0.975435 0.0157934 0.00877114 1
96: 0.9998 9.999E-05 9.999E-05 1
97: 0.976017 0.0238827 9.9991E-05 1
98: 0.991794 9.9991E-05 0.00810579 1
99: 0.96307 0.0278947 0.0090356 1
100: 9.999E-05 0.9998 9.999E-05 1
101: 9.999E-05 0.9998 9.999E-05 1
102: 9.999E-05 0.9998 9.999E-05 1
103: 9.999E-05 0.9998 9.999E-05 1
104: 0.00193853 0.997961 9.9991E-05 1
105: 0.00270637 0.997194 9.9991E-05 1
106: 0.0874069 0.0364862 0.876107 1
107: 9.999E-05 0.9998 9.999E-05 1
108: 9.999E-05 0.9998 9.999E-05 1
109: 9.999E-05 0.9998 9.999E-05 1
110: 0.00298731 0.996913 9.9991E-05 1
111: 0.95829 0.0416096 9.9991E-05 1
112: 0.0106033 0.956735 0.032662 1
113: 0.0501462 0.13955 0.810304 1
114: 0.00751684 9.9991E-05 0.992383 1
115: 9.9991E-05 0.937785 0.0621152 1
116: 0.00480025 0.937339 0.0578603 1
117: 0.0690477 0.894048 0.0369044 1
118: 0.0190846 0.87832 0.102596 1
119: 9.9991E-05 0.0172885 0.982611 1

1: 0.0429685 0.925619 0.0314125 1
2: 0.0147414 0.985159 9.9991E-05 1
3: 0.0457464 0.954154 9.9991E-05 1
4: 0.0282156 0.92445 0.047334 1
5: 0.976539 0.0233612 9.999E-05 1
6: 0.952859 9.9991E-05 0.0470413 1
7: 0.0779761 0.910007 0.0120168 1
8: 0.015752 0.983238 0.00101005 1
9: 0.061329 0.93062 0.00805109 1
10: 9.999E-05 9.999E-05 0.9998 1
11: 0.000425708 9.999E-05 0.999474 1
12: 0.0239851 0.018739 0.957276 1
13: 0.00361798 9.999E-05 0.996282 1
14: 9.9991E-05 0.000375476 0.999525 1
15: 0.653791 0.204503 0.141706 1
16: 0.036593 0.920091 0.043316 1
17: 0.012128 0.963436 0.0244362 1
18: 0.00640148 0.979984 0.0136148 1
19: 0.0408455 0.959054 9.9991E-05 1
20: 0.0607406 0.923293 0.0159667 1
21: 0.047227 0.919191 0.0335822 1
22: 0.0454401 0.939998 0.0145619 1
23: 0.941679 0.0134166 0.0449044 1
24: 9.9991E-05 0.0133909 0.986509 1
25: 0.9998 9.999E-05 9.999E-05 1
26: 9.999E-05 0.9998 9.999E-05 1
27: 0.9998 9.999E-05 9.999E-05 1
28: 0.9998 9.999E-05 9.999E-05 1
29: 0.9998 9.999E-05 9.999E-05 1
30: 0.986677 0.00405882 0.00926437 1
31: 0.9998 9.999E-05 9.999E-05 1
32: 0.9998 9.999E-05 9.999E-05 1
33: 9.9991E-05 0.987987 0.0119134 1
34: 0.0545068 0.0141427 0.93135 1
35: 9.999E-05 0.9998 9.999E-05 1
36: 9.9991E-05 0.0179558 0.981944 1
37: 0.00984937 0.989376 0.000774876 1
38: 9.999E-05 0.9998 9.999E-05 1
39: 0.000851575 9.9991E-05 0.999048 1
40: 9.9991E-05 0.00929689 0.990603 1
41: 9.9991E-05 0.984745 0.0151549 1
42: 0.04053 9.9991E-05 0.95937 1
43: 9.999E-05 0.9998 9.999E-05 1
44: 0.0147997 9.999E-05 0.9851 1
45: 0.0320635 9.9991E-05 0.967837 1
46: 9.9991E-05 0.026306 0.973594 1
47: 0.0101304 0.0151695 0.9747 1
48: 0.00436241 9.999E-05 0.995538 1
49: 9.999E-05 9.999E-05 0.9998 1
50: 9.9991E-05 0.000720332 0.99918 1
51: 9.9991E-05 0.0437559 0.956144 1
52: 0.0189227 0.0184283 0.962649 1
53: 9.999E-05 9.999E-05 0.9998 1
54: 9.999E-05 9.999E-05 0.9998 1
55: 0.00791149 9.9991E-05 0.991989 1
56: 9.9991E-05 0.00962218 0.990278 1
57: 9.999E-05 9.999E-05 0.9998 1
58: 9.999E-05 0.9998 9.999E-05 1
59: 0.00190697 0.997993 9.9991E-05 1
60: 9.9991E-05 0.971916 0.0279836 1
61: 9.999E-05 9.999E-05 0.9998 1
62: 0.0249796 9.9991E-05 0.97492 1
63: 9.9991E-05 0.0168395 0.98306 1
64: 9.9991E-05 0.0223808 0.977519 1
65: 9.9991E-05 0.00190039 0.998 1
66: 9.999E-05 9.999E-05 0.9998 1
67: 9.9991E-05 0.0175651 0.982335 1
68: 9.9991E-05 0.00997821 0.989922 1
69: 0.00515599 9.9991E-05 0.994744 1
70: 9.999E-05 9.999E-05 0.9998 1
71: 9.9991E-05 0.0284578 0.971442 1
72: 0.0346591 0.00380685 0.961534 1
73: 9.999E-05 9.999E-05 0.9998 1
74: 9.999E-05 9.999E-05 0.9998 1
75: 9.999E-05 9.999E-05 0.9998 1
76: 0.0157373 9.9991E-05 0.984163 1
77: 9.9991E-05 0.0481499 0.95175 1
78: 9.9991E-05 0.0225314 0.977369 1
79: 0.0127647 9.9991E-05 0.987135 1
80: 0.007011 0.00494853 0.98804 1
81: 9.999E-05 9.999E-05 0.9998 1
82: 9.9991E-05 0.0408114 0.959089 1
83: 9.999E-05 9.999E-05 0.9998 1
84: 0.0374424 0.017844 0.944714 1
85: 9.9991E-05 0.0153581 0.984542 1
86: 9.9991E-05 0.0150379 0.984862 1
87: 0.020453 9.999E-05 0.979447 1
88: 9.9991E-05 0.00100701 0.998893 1
89: 9.9991E-05 0.0178454 0.982055 1
90: 9.9991E-05 0.0131322 0.986768 1
91: 0.0316648 9.9991E-05 0.968235 1
92: 0.0046456 0.00850849 0.986846 1
93: 9.999E-05 9.999E-05 0.9998 1
94: 0.00619116 9.999E-05 0.993709 1
95: 0.0216887 9.999E-05 0.978211 1
96: 9.999E-05 9.999E-05 0.9998 1
97: 9.9991E-05 0.00296877 0.996931 1
98: 0.0032999 9.999E-05 0.9966 1
99: 0.0313746 0.0193451 0.94928 1
100: 9.999E-05 0.9998 9.999E-05 1
101: 9.999E-05 0.9998 9.999E-05 1
102: 9.999E-05 0.9998 9.999E-05 1
103: 0.0108356 0.987754 0.00141017 1
104: 9.999E-05 0.9998 9.999E-05 1
105: 9.9991E-05 0.996096 0.00380417 1
106: 0.831695 0.0878736 0.0804314 1
107: 9.999E-05 0.9998 9.999E-05 1
108: 0.000833044 0.999067 9.9991E-05 1
109: 9.999E-05 0.9998 9.999E-05 1
110: 9.999E-05 0.9998 9.999E-05 1
111: 9.9991E-05 0.0450619 0.954838 1
112: 0.0188099 0.972131 0.0090589 1
113: 0.811871 0.133045 0.0550835 1
114: 0.958762 0.0149428 0.0262948 1
115: 0.0477237 0.952176 9.9991E-05 1
116: 0.0560111 0.940301 0.00368766 1
117: 0.0512142 0.90956 0.0392259 1
118: 0.0595587 0.923044 0.0173969 1
119: 0.966071 0.0338288 9.999E-05 1

1: 0.00633344 0.066183 0.927484 1
2: 9.999E-05 0.016159 0.983741 1
3: 9.999E-05 0.0481967 0.951703 1
4: 0.0275928 0.0416918 0.930715 1
5: 9.9991E-05 0.971589 0.0283107 1
6: 0.0297136 0.966228 0.00405879 1
7: 0.0206224 0.0581462 0.921231 1
8: 9.999E-05 0.00981797 0.990082 1
9: 0.00572342 0.0459306 0.948346 1
10: 0.9998 9.999E-05 9.999E-05 1
11: 0.9998 9.999E-05 9.999E-05 1
12: 0.954411 0.027669 0.0179201 1
13: 0.998543 0.00135734 9.9991E-05 1
14: 0.999239 0.000660687 9.999E-05 1
15: 0.174123 0.630615 0.195263 1
16: 0.023906 0.0446418 0.931452 1
17: 0.0360542 0.0321708 0.931775 1
18: 9.9991E-05 0.0168033 0.983097 1
19: 9.9991E-05 0.0368321 0.963068 1
20: 0.0011757 0.058938 0.939886 1
21: 0.026325 0.0402853 0.93339 1
22: 0.00617603 0.0459941 0.94783 1
23: 0.0417927 0.932333 0.0258748 1
24: 0.986613 9.9991E-05 0.013287 1
25: 9.999E-05 0.9998 9.999E-05 1
26: 9.999E-05 9.999E-05 0.9998 1
27: 9.999E-05 0.9998 9.999E-05 1
28: 9.999E-05 0.9998 9.999E-05 1
29: 9.999E-05 0.9998 9.999E-05 1
30: 0.00412554 0.973914 0.0219608 1
31: 0.0115914 0.988309 9.9991E-05 1
32: 9.999E-05 0.9998 9.999E-05 1
33: 0.0106073 9.9991E-05 0.989293 1
34: 0.95238 0.0365973 0.0110228 1
35: 9.999E-05 9.999E-05 0.9998 1
36: 0.976887 0.00760273 0.0155106 1
37: 0.00401042 0.0176791 0.978311 1
38: 0.00295767 9.9991E-05 0.996942 1
39: 0.994632 0.00526824 9.9991E-05 1
40: 0.9998 9.999E-05 9.999E-05 1
41: 0.00756386 9.9991E-05 0.992336 1
42: 0.96264 0.0131192 0.0242403 1
43: 0.00583101 9.9991E-05 0.994069 1
44: 0.964767 0.0235831 0.0116503 1
45: 0.975268 0.024632 9.999E-05 1
46: 0.969498 0.00983833 0.0206637 1
47: 0.94441 0.0346978 0.0208926 1
48: 0.992995 0.00690479 9.9991E-05 1
49: 0.9998 9.999E-05 9.999E-05 1
50: 0.980792 9.9991E-05 0.019108 1
51: 0.941936 0.0108657 0.0471987 1
52: 0.953023 0.00549062 0.0414869 1
53: 0.992977 9.9991E-05 0.00692319 1
54: 0.9998 9.999E-05 9.999E-05 1
55: 0.999559 0.000341359 9.999E-05 1
56: 0.9998 9.999E-05 9.999E-05 1
57: 0.9998 9.999E-05 9.999E-05 1
58: 9.999E-05 9.999E-05 0.9998 1
59: 9.999E-05 9.999E-05 0.9998 1
60: 0.0268612 9.9991E-05 0.973039 1
61: 0.9998 9.999E-05 9.999E-05 1
62: 0.98581 0.00565208 0.00853831 1
63: 0.974687 9.9991E-05 0.0252126 1
64: 0.972279 9.9991E-05 0.0276206 1
65: 0.999197 0.000702751 9.999E-05 1
66: 0.9998 9.999E-05 9.999E-05 1
67: 0.992647 9.9991E-05 0.00725326 1
68: 0.99147 0.00843036 9.999E-05 1
69: 0.9998 9.999E-05 9.999E-05 1
70: 0.994334 9.9991E-05 0.00556554 1
71: 0.983095 9.9991E-05 0.0168052 1
72: 0.94335 0.033294 0.0233561 1
73: 0.9998 9.999E-05 9.999E-05 1
74: 0.9998 9.999E-05 9.999E-05 1
75: 0.9998 9.999E-05 9.999E-05 1
76: 0.994288 0.00486574 0.000845984 1
77: 0.965666 9.9991E-05 0.0342337 1
78: 0.979624 9.9991E-05 0.0202756 1
79: 0.974103 0.0257974 9.9991E-05 1
80: 0.961926 0.00504212 0.0330322 1
81: 0.980514 0.00889639 0.0105901 1
82: 0.941647 9.9991E-05 0.0582531 1
83: 0.9998 9.999E-05 9.999E-05 1
84: 0.955354 0.0182841 0.0263621 1
85: 0.99255 9.9991E-05 0.00734985 1
86: 0.994594 9.9991E-05 0.0053064 1
87: 0.976587 0.0233128 9.999E-05 1
88: 0.995323 9.9991E-05 0.00457662 1
89: 0.957891 9.9991E-05 0.0420087 1
90: 0.9998 9.999E-05 9.999E-05 1
91: 0.952725 0.0116206 0.0356542 1
92: 0.996186 9.9991E-05 0.00371397 1
93: 0.991211 0.00459977 0.00418893 1
94: 0.983877 0.0160232 9.999E-05 1
95: 0.982207 0.0176929 9.999E-05 1
96: 0.986755 0.00555077 0.00769395 1
97: 0.96811 9.9991E-05 0.0317902 1
98: 0.992007 0.00789282 9.999E-05 1
99: 0.959936 0.0179819 0.0220819 1
100: 9.999E-05 9.999E-05 0.9998 1
101: 0.0101877 9.9991E-05 0.989712 1
102: 9.999E-05 9.999E-05 0.9998 1
103: 9.999E-05 9.999E-05 0.9998 1
104: 9.999E-05 9.999E-05 0.9998 1
105: 0.0172935 9.9991E-05 0.982607 1
106: 0.0397918 0.888902 0.0713061 1
107: 9.999E-05 9.999E-05 0.9998 1
108: 9.999E-05 9.999E-05 0.9998 1
109: 9.999E-05 9.999E-05 0.9998 1
110: 9.999E-05 9.999E-05 0.9998 1
111: 0.964716 9.9991E-05 0.0351837 1
112: 9.9991E-05 0.0312547 0.968645 1
113: 0.0582666 0.812495 0.129239 1
114: 9.9991E-05 0.987227 0.0126733 1
115: 9.9991E-05 0.0399122 0.959988 1
116: 9.9991E-05 0.0522619 0.947638 1
117: 0.0371371 0.0207129 0.94215 1
118: 0.00867667 0.0593098 0.932013 1
119: 9.999E-05 0.977245 0.0226548 1

1: 0.0365523 0.941265 0.0221829 1
2: 0.022834 0.972614 0.00455164 1
3: 0.0471254 0.949015 0.0038594 1
4: 0.0252199 0.940023 0.0347576 1
5: 0.964866 0.0350335 9.9991E-05 1
6: 0.945071 0.00970897 0.0452201 1
7: 0.0670123 0.903342 0.0296457 1
8: 0.0129513 0.986949 9.9991E-05 1
9: 0.0644995 0.933184 0.0023163 1
10: 9.999E-05 9.999E-05 0.9998 1
11: 9.999E-05 9.999E-05 0.9998 1
12: 0.0363975 9.9991E-05 0.963503 1
13: 0.00761691 9.9991E-05 0.992283 1
14: 9.999E-05 9.999E-05 0.9998 1
15: 0.653608 0.213867 0.132525 1
16: 0.0541268 0.913617 0.0322563 1
17: 0.0170721 0.965495 0.0174329 1
18: 0.0132054 0.981134 0.00566031 1
19: 0.0292629 0.970637 9.9991E-05 1
20: 0.0572385 0.926412 0.0163493 1
21: 0.038609 0.907042 0.0543493 1
22: 0.0541109 0.927079 0.0188096 1
23: 0.974957 9.9991E-05 0.0249427 1
24: 9.9991E-05 0.0209902 0.97891 1
25: 0.9998 9.999E-05 9.999E-05 1
26: 9.999E-05 0.9998 9.999E-05 1
27: 0.9998 9.999E-05 9.999E-05 1
28: 0.9998 9.999E-05 9.999E-05 1
29: 0.9998 9.999E-05 9.999E-05 1
30: 0.991495 9.9991E-05 0.00840497 1
31: 0.9998 9.999E-05 9.999E-05 1
32: 0.9998 9.999E-05 9.999E-05 1
33: 9.999E-05 0.9998 9.999E-05 1
34: 0.0269298 0.0140622 0.959008 1
35: 9.999E-05 0.9998 9.999E-05 1
36: 9.9991E-05 0.0447417 0.955158 1
37: 0.01533 0.984335 0.000335206 1
38: 0.000376466 0.997949 0.0016743 1
39: 9.999E-05 9.999E-05 0.9998 1
40: 9.9991E-05 0.00612513 0.993775 1
41: 9.9991E-05 0.98954 0.0103603 1
42: 0.0283788 9.9991E-05 0.971521 1
43: 9.999E-05 0.9998 9.999E-05 1
44: 0.0197275 9.9991E-05 0.980172 1
45: 0.0324655 9.9991E-05 0.967435 1
46: 0.00251124 0.0137226 0.983766 1
47: 9.9991E-05 0.0381887 0.961711 1
48: 0.000470112 9.9991E-05 0.99943 1
49: 9.999E-05 9.999E-05 0.9998 1
50: 9.999E-05 9.999E-05 0.9998 1
51: 0.00921035 0.0383168 0.952473 1
52: 0.0310006 0.0274971 0.941502 1
53: 9.999E-05 9.999E-05 0.9998 1
54: 9.999E-05 9.999E-05 0.9998 1
55: 0.00869405 9.9991E-05 0.991206 1
56: 9.9991E-05 0.005636 0.994264 1
57: 9.9991E-05 0.00265371 0.997246 1
58: 9.999E-05 0.9998 9.999E-05 1
59: 9.999E-05 0.9998 9.999E-05 1
60: 9.9991E-05 0.998148 0.00175202 1
61: 9.999E-05 9.999E-05 0.9998 1
62: 0.0143874 9.9991E-05 0.985513 1
63: 9.9991E-05 0.034906 0.964994 1
64: 9.9991E-05 0.0189845 0.980916 1
65: 9.999E-05 9.999E-05 0.9998 1
66: 9.999E-05 9.999E-05 0.9998 1
67: 9.9991E-05 0.0222806 0.977619 1
68: 9.999E-05 9.999E-05 0.9998 1
69: 0.00146397 9.9991E-05 0.998436 1
70: 0.0195656 0.0154565 0.964978 1
71: 9.9991E-05 0.00746579 0.992434 1
72: 0.00577315 0.0217881 0.972439 1
73: 9.999E-05 9.999E-05 0.9998 1
74: 9.999E-05 9.999E-05 0.9998 1
75: 9.999E-05 9.999E-05 0.9998 1
76: 9.9991E-05 0.0238799 0.97602 1
77: 9.9991E-05 0.0215586 0.978341 1
78: 9.9991E-05 0.0341369 0.965763 1
79: 0.0201613 9.9991E-05 0.979739 1
80: 0.00940925 0.00794567 0.982645 1
81: 9.999E-05 9.999E-05 0.9998 1
82: 0.00996915 0.0279354 0.962095 1
83: 9.999E-05 9.999E-05 0.9998 1
84: 0.0293009 0.020474 0.950225 1
85: 9.9991E-05 0.0177991 0.982101 1
86: 9.9991E-05 0.0139168 0.985983 1
87: 0.0142972 9.9991E-05 0.985603 1
88: 9.999E-05 9.999E-05 0.9998 1
89: 9.9991E-05 0.0143011 0.985599 1
90: 0.00702561 9.9991E-05 0.992874 1
91: 0.0275777 0.0142149 0.958207 1
92: 0.00147918 0.000960553 0.99756 1
93: 9.999E-05 9.999E-05 0.9998 1
94: 0.00689513 9.9991E-05 0.993005 1
95: 9.999E-05 9.999E-05 0.9998 1
96: 9.999E-05 9.999E-05 0.9998 1
97: 9.9991E-05 0.0216994 0.978201 1
98: 0.00607369 9.9991E-05 0.993826 1
99: 0.0047732 0.0212234 0.974003 1
100: 9.9991E-05 0.99251 0.00738951 1
101: 9.9991E-05 0.98545 0.0144501 1
102: 9.999E-05 0.9998 9.999E-05 1
103: 9.999E-05 0.9998 9.999E-05 1
104: 9.9991E-05 0.991353 0.00854653 1
105: 9.9991E-05 0.995988 0.00391239 1
106: 0.879239 0.060233 0.0605275 1
107: 9.999E-05 0.9998 9.999E-05 1
108: 9.9991E-05 0.997075 0.00282522 1
109: 9.999E-05 0.9998 9.999E-05 1
110: 9.999E-05 0.9998 9.999E-05 1
111: 9.9991E-05 0.0339962 0.965904 1
112: 0.0262559 0.973644 9.9991E-05 1
113: 0.835643 0.127091 0.0372658 1
114: 0.985023 0.00428656 0.01069 1
115: 0.0558582 0.944042 9.9991E-05 1
116: 0.0565607 0.941071 0.002368 1
117: 0.0717221 0.885479 0.0427984 1
118: 0.059251 0.910289 0.0304604 1
119: 0.967362 0.0325382 9.9991E-05 1

1: 0.019041 0.0243423 0.956617 1
2: 0.0293023 9.9991E-05 0.970598 1
3: 0.0807691 9.9991E-05 0.919131 1
4: 0.0166332 0.054987 0.92838 1
5: 0.974927 0.000470606 0.0246023 1
6: 0.934036 0.0430701 0.0228938 1
7: 0.0696182 9.9991E-05 0.930282 1
8: 0.0157105 9.9991E-05 0.984189 1
9: 0.0389354 0.00934779 0.951717 1
10: 9.999E-05 0.9998 9.999E-05 1
11: 9.999E-05 0.9998 9.999E-05 1
12: 0.0347244 0.953498 0.0117775 1
13: 9.999E-05 0.9998 9.999E-05 1
14: 9.999E-05 0.9998 9.999E-05 1
15: 0.666032 0.150863 0.183105 1
16: 0.0598792 0.0415325 0.898588 1
17: 0.0133933 0.0231858 0.963421 1
18: 0.0457472 9.9991E-05 0.954153 1
19: 0.0133418 9.9991E-05 0.986558 1
20: 0.050234 0.0272718 0.922494 1
21: 0.0467217 0.0194247 0.933854 1
22: 0.0526624 0.00309023 0.944247 1
23: 0.969793 0.0301073 9.9991E-05 1
24: 9.9991E-05 0.986508 0.013392 1
25: 0.9998 9.999E-05 9.999E-05 1
26: 9.999E-05 9.999E-05 0.9998 1
27: 0.9998 9.999E-05 9.999E-05 1
28: 0.9998 9.999E-05 9.999E-05 1
29: 0.9998 9.999E-05 9.999E-05 1
30: 0.98596 0.00706942 0.00697073 1
31: 0.994772 0.0051281 9.9991E-05 1
32: 0.9998 9.999E-05 9.999E-05 1
33: 9.999E-05 9.999E-05 0.9998 1
34: 0.0416817 0.950452 0.00786639 1
35: 9.999E-05 9.999E-05 0.9998 1
36: 0.0123866 0.981091 0.00652263 1
37: 0.00447487 0.00799836 0.987527 1
38: 0.00676326 9.9991E-05 0.993137 1
39: 0.0179385 0.976172 0.00588972 1
40: 9.9991E-05 0.988483 0.0114167 1
41: 9.9991E-05 0.00535728 0.994543 1
42: 0.0359467 0.963953 9.9991E-05 1
43: 9.999E-05 9.999E-05 0.9998 1
44: 0.017997 0.981903 9.9991E-05 1
45: 0.0208466 0.979053 9.9991E-05 1
46: 0.000317831 0.987245 0.0124371 1
47: 9.9991E-05 0.969767 0.0301333 1
48: 9.999E-05 0.9998 9.999E-05 1
49: 9.999E-05 0.9998 9.999E-05 1
50: 9.9991E-05 0.994629 0.00527097 1
51: 9.9991E-05 0.965138 0.0347624 1
52: 0.0113027 0.967853 0.0208446 1
53: 9.999E-05 0.9998 9.999E-05 1
54: 9.999E-05 0.9998 9.999E-05 1
55: 9.999E-05 0.9998 9.999E-05 1
56: 9.999E-05 0.9998 9.999E-05 1
57: 9.999E-05 0.9998 9.999E-05 1
58: 9.9991E-05 0.00165995 0.99824 1
59: 9.999E-05 9.999E-05 0.9998 1
60: 9.9991E-05 0.0235981 0.976302 1
61: 9.999E-05 0.9998 9.999E-05 1
62: 0.0134933 0.984851 0.0016556 1
63: 9.9991E-05 0.97581 0.0240905 1
64: 0.00307295 0.986669 0.0102577 1
65: 9.999E-05 0.9998 9.999E-05 1
66: 9.999E-05 0.9998 9.999E-05 1
67: 9.9991E-05 0.985619 0.0142809 1
68: 9.999E-05 0.9998 9.999E-05 1
69: 0.00640452 0.993495 9.9991E-05 1
70: 9.999E-05 0.9998 9.999E-05 1
71: 9.9991E-05 0.963087 0.036813 1
72: 0.0293121 0.934768 0.0359197 1
73: 9.999E-05 0.9998 9.999E-05 1
74: 9.999E-05 0.9998 9.999E-05 1
75: 9.999E-05 0.9998 9.999E-05 1
76: 0.00938723 0.98275 0.00786322 1
77: 0.00688874 0.967558 0.0255536 1
78: 0.0124999 0.96508 0.0224202 1
79: 0.0258226 0.974077 9.9991E-05 1
80: 0.00796473 0.962449 0.0295864 1
81: 0.00301883 0.996881 9.9991E-05 1
82: 9.9991E-05 0.950001 0.0498992 1
83: 9.999E-05 0.9998 9.999E-05 1
84: 0.0161829 0.951346 0.0324716 1
85: 9.9991E-05 0.987343 0.0125571 1
86: 9.9991E-05 0.977166 0.0227338 1
87: 0.0131635 0.986737 9.9991E-05 1
88: 9.9991E-05 0.998808 0.00109229 1
89: 0.000172173 0.979211 0.0206167 1
90: 9.999E-05 0.9998 9.999E-05 1
91: 0.0195233 0.967736 0.012741 1
92: 9.9991E-05 0.988138 0.0117625 1
93: 9.9991E-05 0.990069 0.00983121 1
94: 0.0257052 0.970066 0.00422853 1
95: 0.0174863 0.979551 0.00296236 1
96: 0.00165518 0.998245 9.9991E-05 1
97: 9.9991E-05 0.982983 0.016917 1
98: 0.00803998 0.99186 9.9991E-05 1
99: 0.00708111 0.980216 0.0127028 1
100: 9.9991E-05 0.0105248 0.989375 1
101: 9.999E-05 9.999E-05 0.9998 1
102: 9.999E-05 9.999E-05 0.9998 1
103: 9.999E-05 9.999E-05 0.9998 1
104: 9.9991E-05 0.00458534 0.995315 1
105: 9.9991E-05 0.00663077 0.993269 1
106: 0.874698 0.079101 0.0462011 1
107: 9.999E-05 9.999E-05 0.9998 1
108: 9.999E-05 9.999E-05 0.9998 1
109: 9.9991E-05 0.00513335 0.994767 1
110: 9.999E-05 9.999E-05 0.9998 1
111: 9.9991E-05 0.960628 0.0392724 1
112: 0.0276971 9.9991E-05 0.972203 1
113: 0.819336 0.0536371 0.127027 1
114: 0.994962 0.00406005 0.000977884 1
115: 0.0473499 9.9991E-05 0.95255 1
116: 0.057499 0.00142012 0.941081 1
117: 0.0443887 0.0514247 0.904187 1
118: 0.0691094 0.0135573 0.917333 1
119: 0.954065 9.9991E-05 0.0458354 1

1: 0.926623 0.0437403 0.0296372 1
2: 0.968794 0.0311055 9.9991E-05 1
3: 0.932095 0.058637 0.00926798 1
4: 0.894408 0.0525627 0.0530297 1
5: 0.0273081 0.963772 0.00892 1
6: 0.00447891 0.960633 0.0348879 1
7: 0.900267 0.0665779 0.0331555 1
8: 0.971992 0.0279079 9.9991E-05 1
9: 0.933606 0.04374 0.0226536 1
10: 9.999E-05 9.999E-05 0.9998 1
11: 9.999E-05 9.999E-05 0.9998 1
12: 0.0248226 0.0303207 0.944857 1
13: 9.9991E-05 0.0115402 0.98836 1
14: 0.0172484 0.00152132 0.98123 1
15: 0.18962 0.661443 0.148937 1
16: 0.905505 0.0523185 0.0421769 1
17: 0.967571 0.0173696 0.0150598 1
18: 0.977006 0.0228938 9.9991E-05 1
19: 0.95591 0.04399 9.9991E-05 1
20: 0.926915 0.0516559 0.0214294 1
21: 0.936633 0.0491195 0.0142477 1
22: 0.933931 0.0659686 9.9991E-05 1
23: 0.00951882 0.952233 0.0382486 1
24: 0.0245166 9.9991E-05 0.975383 1
25: 9.999E-05 0.9998 9.999E-05 1
26: 0.9998 9.999E-05 9.999E-05 1
27: 9.999E-05 0.9998 9.999E-05 1
28: 9.999E-05 0.9998 9.999E-05 1
29: 9.999E-05 0.9998 9.999E-05 1
30: 0.0104097 0.98949 9.9991E-05 1
31: 9.9991E-05 0.998812 0.0010877 1
32: 9.999E-05 0.9998 9.999E-05 1
33: 0.9998 9.999E-05 9.999E-05 1
34: 0.0159502 0.0534395 0.93061 1
35: 0.9998 9.999E-05 9.999E-05 1
36: 0.0140882 0.0126105 0.973301 1
37: 0.977327 0.0134423 0.00923103 1
38: 0.9998 9.999E-05 9.999E-05 1
39: 9.9991E-05 0.0202865 0.979613 1
40: 0.0213369 9.9991E-05 0.978563 1
41: 0.999687 9.9991E-05 0.000213362 1
42: 0.0232276 0.0233681 0.953404 1
43: 0.983091 0.000925378 0.0159839 1
44: 9.9991E-05 0.0271628 0.972737 1
45: 9.9991E-05 0.0258476 0.974052 1
46: 0.0125369 0.00484751 0.982616 1
47: 0.0389483 9.9991E-05 0.960952 1
48: 9.999E-05 9.999E-05 0.9998 1
49: 9.999E-05 9.999E-05 0.9998 1
50: 0.000161138 9.9991E-05 0.999739 1
51: 0.0315147 9.9991E-05 0.968385 1
52: 0.029666 0.0185008 0.951833 1
53: 0.00630534 9.9991E-05 0.993595 1
54: 9.999E-05 9.999E-05 0.9998 1
55: 9.9991E-05 0.0121034 0.987797 1
56: 0.00199412 9.9991E-05 0.997906 1
57: 0.0118464 9.9991E-05 0.988054 1
58: 0.987381 9.9991E-05 0.0125192 1
59: 0.99817 9.9991E-05 0.00172969 1
60: 0.962875 9.9991E-05 0.0370248 1
61: 9.999E-05 9.999E-05 0.9998 1
62: 0.00987097 0.027094 0.963035 1
63: 0.0252463 9.9991E-05 0.974654 1
64: 0.0140423 0.00713921 0.978818 1
65: 9.999E-05 9.999E-05 0.9998 1
66: 9.999E-05 9.999E-05 0.9998 1
67: 0.0375184 9.9991E-05 0.962382 1
68: 0.00199255 0.0111532 0.986854 1
69: 9.999E-05 9.999E-05 0.9998 1
70: 0.000590305 9.9991E-05 0.99931 1
71: 0.0264544 9.9991E-05 0.973446 1
72: 0.0287346 0.0361633 0.935102 1
73: 9.9991E-05 0.00545393 0.994446 1
74: 9.999E-05 9.999E-05 0.9998 1
75: 9.999E-05 9.999E-05 0.9998 1
76: 0.0139386 9.9991E-05 0.985961 1
77: 0.0174476 9.9991E-05 0.982452 1
78: 0.0223622 9.9991E-05 0.977538 1
79: 9.9991E-05 0.0164315 0.983469 1
80: 0.0244029 0.00801208 0.967585 1
81: 9.999E-05 9.999E-05 0.9998 1
82: 0.0421218 9.9991E-05 0.957778 1
83: 9.999E-05 9.999E-05 0.9998 1
84: 0.0238722 0.0237587 0.952369 1
85: 0.00926925 9.9991E-05 0.990631 1
86: 0.0183549 9.9991E-05 0.981545 1
87: 9.9991E-05 0.0345764 0.965324 1
88: 9.999E-05 9.999E-05 0.9998 1
89: 0.0220339 9.9991E-05 0.977866 1
90: 9.999E-05 9.999E-05 0.9998 1
91: 9.9991E-05 0.0417871 0.958113 1
92: 0.00953143 9.9991E-05 0.990369 1
93: 9.999E-05 9.999E-05 0.9998 1
94: 0.00837534 0.0117108 0.979914 1
95: 9.9991E-05 0.00792645 0.991974 1
96: 0.00203019 9.9991E-05 0.99787 1
97: 0.0149031 9.9991E-05 0.984997 1
98: 9.9991E-05 0.0120427 0.987857 1
99: 0.0194552 0.00543695 0.975108 1
100: 0.9998 9.999E-05 9.999E-05 1
101: 0.995656 9.9991E-05 0.00424397 1
102: 0.9998 9.999E-05 9.999E-05 1
103: 0.999742 9.9991E-05 0.000158262 1
104: 0.994629 9.9991E-05 0.00527089 1
105: 0.9998 9.999E-05 9.999E-05 1
106: 0.0536127 0.872216 0.0741711 1
107: 0.9998 9.999E-05 9.999E-05 1
108: 0.9998 9.999E-05 9.999E-05 1
109: 0.9998 9.999E-05 9.999E-05 1
110: 0.9998 9.999E-05 9.999E-05 1
111: 0.0290649 9.9991E-05 0.970835 1
112: 0.962428 0.0362393 0.0013329 1
113: 0.135892 0.819964 0.0441443 1
114: 0.00213389 0.997766 9.9991E-05 1
115: 0.952996 0.0469045 9.9991E-05 1
116: 0.941429 0.0584711 9.9991E-05 1
117: 0.923982 0.0148274 0.0611902 1
118: 0.914316 0.0730616 0.0126227 1
119: 0.0243715 0.975529 9.9991E-05 1

1: 0.0168491 0.0363804 0.94677 1
2: 0.00831638 0.0288675 0.962816 1
3: 9.999E-05 0.04931 0.95059 1
4: 0.0239607 0.0332521 0.942787 1
5: 9.9991E-05 0.973213 0.0266869 1
6: 0.0403623 0.948305 0.0113328 1
7: 0.00799847 0.0714057 0.920596 1
8: 0.00384612 0.0227069 0.973447 1
9: 0.0254467 0.0286165 0.945937 1
10: 0.9998 9.999E-05 9.999E-05 1
11: 0.99525 0.00465017 9.9991E-05 1
12: 0.957626 0.0414216 0.000952367 1
13: 0.9998 9.999E-05 9.999E-05 1
14: 0.996697 9.9991E-05 0.00320278 1
15: 0.133206 0.673572 0.193223 1
16: 0.0338618 0.0593876 0.906751 1
17: 0.0127924 0.0100687 0.977139 1
18: 9.9991E-05 0.0315387 0.968361 1
19: 0.00131253 0.0133461 0.985341 1
20: 0.010867 0.0536011 0.935532 1
21: 0.0303654 0.038016 0.931619 1
22: 9.9991E-05 0.0514819 0.948418 1
23: 0.0303534 0.953799 0.0158472 1
24: 0.980488 9.9991E-05 0.0194121 1
25: 0.00576492 0.994135 9.9991E-05 1
26: 9.999E-05 9.999E-05 0.9998 1
27: 9.999E-05 0.9998 9.999E-05 1
28: 9.999E-05 0.9998 9.999E-05 1
29: 9.999E-05 0.9998 9.999E-05 1
30: 9.9991E-05 0.954105 0.0457952 1
31: 0.0146792 0.985221 9.9991E-05 1
32: 9.999E-05 0.9998 9.999E-05 1
33: 0.00162333 9.9991E-05 0.998277 1
34: 0.950179 0.0465835 0.00323746 1
35: 9.999E-05 9.999E-05 0.9998 1
36: 0.966229 0.00672683 0.0270443 1
37: 0.0233418 0.00907755 0.967581 1
38: 0.00274713 9.9991E-05 0.997153 1
39: 0.996342 0.00355818 9.9991E-05 1
40: 0.999604 0.000295645 9.9991E-05 1
41: 0.0218392 9.9991E-05 0.978061 1
42: 0.967698 0.0158037 0.0164982 1
43: 0.00195644 0.00315687 0.994887 1
44: 0.989222 0.010678 9.9991E-05 1
45: 0.976321 0.0235788 9.9991E-05 1
46: 0.964331 9.9991E-05 0.0355694 1
47: 0.966245 9.9991E-05 0.0336547 1
48: 0.9998 9.999E-05 9.999E-05 1
49: 0.9998 9.999E-05 9.999E-05 1
50: 0.996551 9.9991E-05 0.00334898 1
51: 0.957223 0.0132032 0.0295737 1
52: 0.965809 0.0117748 0.0224162 1
53: 0.999268 9.9991E-05 0.00063228 1
54: 0.99292 0.00697976 9.9991E-05 1
55: 0.980856 0.0190444 9.9991E-05 1
56: 0.990605 9.9991E-05 0.00929486 1
57: 0.9998 9.999E-05 9.999E-05 1
58: 9.999E-05 9.999E-05 0.9998 1
59: 9.999E-05 9.999E-05 0.9998 1
60: 0.011278 9.9991E-05 0.988622 1
61: 0.9998 9.999E-05 9.999E-05 1
62: 0.991117 0.0051127 0.0037704 1
63: 0.966389 9.9991E-05 0.0335111 1
64: 0.980165 9.9991E-05 0.0197346 1
65: 0.9998 9.999E-05 9.999E-05 1
66: 0.9998 9.999E-05 9.999E-05 1
67: 0.972695 9.9991E-05 0.0272055 1
68: 0.9998 9.999E-05 9.999E-05 1
69: 0.9998 9.999E-05 9.999E-05 1
70: 0.99927 9.9991E-05 0.000630451 1
71: 0.973028 9.9991E-05 0.0268715 1
72: 0.97064 0.0233217 0.00603865 1
73: 0.997378 0.00252244 9.9991E-05 1
74: 0.9998 9.999E-05 9.999E-05 1
75: 0.998004 9.9991E-05 0.00189586 1
76: 0.976514 0.00251952 0.0209661 1
77: 0.962362 0.000576789 0.0370608 1
78: 0.976954 9.9991E-05 0.0229464 1
79: 0.987152 0.0127483 9.9991E-05 1
80: 0.952008 0.0119018 0.0360902 1
81: 0.9998 9.999E-05 9.999E-05 1
82: 0.940834 9.9991E-05 0.0590665 1
83: 0.9998 9.999E-05 9.999E-05 1
84: 0.968625 0.0253486 0.00602611 1
85: 0.974726 9.9991E-05 0.0251739 1
86: 0.97157 9.9991E-05 0.0283303 1
87: 0.981008 0.0188916 9.9991E-05 1
88: 0.999319 9.9991E-05 0.00058113 1
89: 0.980479 0.00489379 0.0146273 1
90: 0.987349 0.0125507 9.9991E-05 1
91: 0.957669 0.0247885 0.0175425 1
92: 0.9998 9.999E-05 9.999E-05 1
93: 0.998693 9.9991E-05 0.00120721 1
94: 0.976541 0.0233593 9.9991E-05 1
95: 0.986198 0.0137019 9.9991E-05 1
96: 0.988066 0.0118343 9.9991E-05 1
97: 0.965522 9.9991E-05 0.0343785 1
98: 0.989038 0.0108618 9.9991E-05 1
99: 0.977173 0.000261603 0.0225654 1
100: 9.999E-05 9.999E-05 0.9998 1
101: 0.000513593 9.9991E-05 0.999386 1
102: 9.999E-05 9.999E-05 0.9998 1
103: 0.000873291 9.9991E-05 0.999027 1
104: 9.999E-05 9.999E-05 0.9998 1
105: 0.0118444 9.9991E-05 0.988056 1
106: 0.0832791 0.866759 0.049962 1
107: 9.999E-05 9.999E-05 0.9998 1
108: 9.999E-05 9.999E-05 0.9998 1
109: 9.999E-05 9.999E-05 0.9998 1
110: 9.9991E-05 0.00972092 0.990179 1
111: 0.97356 9.9991E-05 0.0263396 1
112: 0.00419841 0.0424497 0.953352 1
113: 0.0269994 0.816817 0.156184 1
114: 9.9991E-05 0.998505 0.00139528 1
115: 9.9991E-05 0.0286125 0.971288 1
116: 0.0154502 0.0358359 0.948714 1
117: 0.0505989 0.0218049 0.927596 1
118: 0.00859747 0.0684137 0.922989 1
119: 9.9991E-05 0.974369 0.0255312 1

1: 0.917141 0.0462695 0.0365894 1
2: 0.960791 0.035978 0.00323095 1
3: 0.938947 0.0497903 0.0112627 1
4: 0.958459 0.0315968 0.00994422 1
5: 0.037878 0.962022 9.9991E-05 1
6: 0.00990671 0.948219 0.0418743 1
7: 0.922121 0.0468297 0.0310496 1
8: 0.96118 0.0254015 0.0134181 1
9: 0.951393 0.0352267 0.0133806 1
10: 9.999E-05 9.999E-05 0.9998 1
11: 9.999E-05 9.999E-05 0.9998 1
12: 9.9991E-05 0.0231479 0.976752 1
13: 9.999E-05 9.999E-05 0.9998 1
14: 0.000948241 9.9991E-05 0.998952 1
15: 0.203742 0.647765 0.148493 1
16: 0.925443 0.0510487 0.0235087 1
17: 0.94695 0.0336852 0.0193644 1
18: 0.967349 0.0325509 9.9991E-05 1
19: 0.981158 0.0187424 9.9991E-05 1
20: 0.935495 0.0599745 0.00453035 1
21: 0.907546 0.0534487 0.039005 1
22: 0.930708 0.0575874 0.0117041 1
23: 0.00310324 0.958371 0.0385256 1
24: 0.0180636 9.9991E-05 0.981836 1
25: 9.999E-05 0.9998 9.999E-05 1
26: 0.9998 9.999E-05 9.999E-05 1
27: 9.999E-05 0.9998 9.999E-05 1
28: 9.999E-05 0.9998 9.999E-05 1
29: 9.999E-05 0.9998 9.999E-05 1
30: 0.0203869 0.965083 0.0145301 1
31: 9.999E-05 0.9998 9.999E-05 1
32: 9.999E-05 0.9998 9.999E-05 1
33: 0.98209 9.9991E-05 0.0178099 1
34: 0.0247252 0.0489586 0.926316 1
35: 0.9998 9.999E-05 9.999E-05 1
36: 0.0231104 0.00342416 0.973465 1
37: 0.96993 0.0299697 9.9991E-05 1
38: 0.9998 9.999E-05 9.999E-05 1
39: 9.9991E-05 0.00893463 0.990965 1
40: 0.0157586 9.9991E-05 0.984141 1
41: 0.977927 9.9991E-05 0.0219728 1
42: 0.0126735 0.039585 0.947742 1
43: 0.996147 9.9991E-05 0.00375334 1
44: 0.00150671 0.0243088 0.974184 1
45: 9.9991E-05 0.0212637 0.978636 1
46: 0.0225893 0.000278288 0.977132 1
47: 0.0116612 0.00656538 0.981773 1
48: 9.999E-05 9.999E-05 0.9998 1
49: 9.999E-05 9.999E-05 0.9998 1
50: 0.0127794 9.9991E-05 0.987121 1
51: 0.0344055 0.00589177 0.959703 1
52: 0.00475092 0.0429551 0.952294 1
53: 0.00572053 9.9991E-05 0.994179 1
54: 9.999E-05 9.999E-05 0.9998 1
55: 9.9991E-05 0.0022693 0.997631 1
56: 0.0130191 9.9991E-05 0.986881 1
57: 9.999E-05 9.999E-05 0.9998 1
58: 0.9998 9.999E-05 9.999E-05 1
59: 0.997515 0.00238511 9.9991E-05 1
60: 0.977797 9.9991E-05 0.0221028 1
61: 9.999E-05 9.999E-05 0.9998 1
62: 0.00909405 0.020806 0.9701 1
63: 0.0365358 9.9991E-05 0.963364 1
64: 0.0236689 9.9991E-05 0.976231 1
65: 0.00210374 9.9991E-05 0.997796 1
66: 0.00313256 0.00699762 0.98987 1
67: 0.00415139 9.9991E-05 0.995749 1
68: 9.999E-05 9.999E-05 0.9998 1
69: 9.9991E-05 0.00547158 0.994428 1
70: 9.999E-05 9.999E-05 0.9998 1
71: 0.0156671 9.9991E-05 0.984233 1
