1: 0.833752 0.0180547 9.997E-05 0.00895382 0.13894 9.997E-05 9.997E-05 1
2: 0.9994 9.995E-05 9.995E-05 9.995E-05 9.995E-05 9.995E-05 9.995E-05 1
3: 0.953739 9.9982E-05 9.9982E-05 0.0063478 0.0324273 0.00661432 0.000671589 1
4: 0.76845 0.0301863 9.9973E-05 9.9973E-05 0.168685 0.0323789 9.9973E-05 1
5: 9.9964E-05 9.9964E-05 9.9964E-05 0.886268 0.00366654 0.109666 9.9964E-05 1
6: 0.0378527 9.9973E-05 9.9973E-05 0.901528 9.9973E-05 0.0247211 0.0355984 1
7: 0.90835 9.9964E-05 9.9964E-05 0.0181768 0.0730731 9.9964E-05 9.9964E-05 1
8: 0.9994 9.995E-05 9.995E-05 9.995E-05 9.995E-05 9.995E-05 9.995E-05 1
9: 0.920234 9.997E-05 0.00131234 0.00552598 0.0726276 9.997E-05 9.997E-05 1
10: 9.995E-05 0.9994 9.995E-05 9.995E-05 9.995E-05 9.995E-05 9.995E-05 1
11: 9.9964E-05 0.023723 0.014378 9.9964E-05 9.9964E-05 9.9964E-05 0.961499 1
12: 9.9964E-05 0.756709 0.215167 9.9964E-05 9.9964E-05 0.0277242 9.9964E-05 1
13: 9.995E-05 0.9994 9.995E-05 9.995E-05 9.995E-05 9.995E-05 9.995E-05 1
14: 0.00171605 0.404953 9.9973E-05 9.9973E-05 9.9973E-05 0.00086201 0.592169 1
15: 9.995E-05 9.995E-05 9.995E-05 9.995E-05 9.995E-05 0.9994 9.995E-05 1
16: 0.893227 0.0132243 9.9982E-05 9.9982E-05 0.0366248 0.0530732 0.00365098 1
17: 0.964168 0.000600556 0.00781693 9.9973E-05 0.0271143 9.9973E-05 9.9973E-05 1
18: 0.9994 9.995E-05 9.995E-05 9.995E-05 9.995E-05 9.995E-05 9.995E-05 1
19: 0.9994 9.995E-05 9.995E-05 9.995E-05 9.995E-05 9.995E-05 9.995E-05 1
20: 0.929902 0.000936712 9.9973E-05 0.0276529 0.0412083 9.9973E-05 9.9973E-05 1
21: 0.861441 0.0152996 9.9982E-05 0.0161085 0.100917 0.00603462 9.9982E-05 1
22: 0.941923 9.9973E-05 9.9973E-05 0.0141329 0.0427976 9.9973E-05 0.000846232 1
23: 0.0326932 9.9973E-05 9.9973E-05 0.912536 9.9973E-05 0.0378232 0.0166476 1
24: 9.9955E-05 9.9955E-05 0.993119 9.9955E-05 0.00638109 9.9955E-05 9.9955E-05 1
25: 9.9955E-05 9.9955E-05 9.9955E-05 0.998963 9.9955E-05 9.9955E-05 0.000537154 1
26: 9.995E-05 9.995E-05 9.995E-05 9.995E-05 0.9994 9.995E-05 9.995E-05 1
27: 9.995E-05 9.995E-05 9.995E-05 0.9994 9.995E-05 9.995E-05 9.995E-05 1
28: 9.995E-05 9.995E-05 9.995E-05 0.9994 9.995E-05 9.995E-05 9.995E-05 1
29: 9.995E-05 9.995E-05 9.995E-05 0.9994 9.995E-05 9.995E-05 9.995E-05 1
30: 9.997E-05 9.997E-05 0.00432984 0.917964 0.0293347 0.0480711 9.997E-05 1
31: 9.9955E-05 0.0218536 9.9955E-05 0.977647 9.9955E-05 9.9955E-05 9.9955E-05 1
32: 9.995E-05 9.995E-05 9.995E-05 0.9994 9.995E-05 9.995E-05 9.995E-05 1
33: 9.9955E-05 9.9955E-05 0.0111138 9.9955E-05 0.988386 9.9955E-05 9.9955E-05 1
34: 0.00197575 0.207306 0.703097 0.0486758 9.9982E-05 9.9982E-05 0.038746 1
35: 9.995E-05 9.995E-05 9.995E-05 9.995E-05 0.9994 9.995E-05 9.995E-05 1
36: 9.995E-05 9.995E-05 0.9994 9.995E-05 9.995E-05 9.995E-05 9.995E-05 1
37: 0.00438035 9.9964E-05 9.9964E-05 0.00917734 0.986042 9.9964E-05 9.9964E-05 1
38: 9.9964E-05 9.9964E-05 0.00187231 9.9964E-05 0.988895 0.00883236 9.9964E-05 1
39: 9.9955E-05 0.0784691 0.921031 9.9955E-05 9.9955E-05 9.9955E-05 9.9955E-05 1
40: 9.9955E-05 0.114478 0.885023 9.9955E-05 9.9955E-05 9.9955E-05 9.9955E-05 1
41: 0.030024 0.0189079 9.9973E-05 9.9973E-05 0.935452 9.9973E-05 0.015316 1
42: 9.9964E-05 0.00701198 0.988578 9.9964E-05 9.9964E-05 0.00401045 9.9964E-05 1
43: 9.9955E-05 9.9955E-05 9.9955E-05 9.9955E-05 0.96057 0.0389302 9.9955E-05 1
44: 9.998E-05 0.0706565 0.0423348 0.00290432 9.998E-05 0.0102293 0.873675 1
45: 9.9964E-05 0.606031 9.9964E-05 0.0199431 9.9964E-05 9.9964E-05 0.373626 1
46: 0.00843604 0.133959 9.9991E-05 0.0175533 0.00153544 0.00987364 0.828542 1
47: 9.9973E-05 0.176536 9.9973E-05 0.0136699 0.0111105 9.9973E-05 0.798383 1
48: 9.9955E-05 0.671697 9.9955E-05 9.9955E-05 9.9955E-05 9.9955E-05 0.327804 1
49: 9.9964E-05 0.63794 0.202364 9.9964E-05 9.9964E-05 9.9964E-05 0.159296 1
50: 0.00831181 0.361748 0.11276 9.998E-05 0.00798907 9.998E-05 0.508991 1
51: 0.0186956 0.0423257 9.9964E-05 9.9964E-05 9.9964E-05 9.9964E-05 0.938579 1
52: 0.0145768 9.998E-05 0.0824111 0.0012801 9.998E-05 0.0129873 0.888545 1
53: 9.9964E-05 0.341648 9.9964E-05 9.9964E-05 9.9964E-05 0.00857447 0.649378 1
54: 9.9964E-05 0.299716 0.209413 9.9964E-05 9.9964E-05 9.9964E-05 0.490471 1
55: 9.9964E-05 0.813181 9.9964E-05 0.000986281 9.9964E-05 9.9964E-05 0.185432 1
56: 9.9955E-05 0.0617455 9.9955E-05 9.9955E-05 9.9955E-05 9.9955E-05 0.937755 1
57: 9.99641E-05 0.427906 0.0454593 9.99641E-05 9.99641E-05 9.99641E-05 0.526235 1
58: 9.995E-05 9.995E-05 9.995E-05 9.995E-05 0.9994 9.995E-05 9.995E-05 1
59: 0.0448558 9.99641E-05 9.99641E-05 9.99641E-05 0.931334 0.0234104 9.99641E-05 1
60: 0.00595015 0.00295908 9.997E-05 9.997E-05 0.968351 9.997E-05 0.0224395 1
61: 9.99551E-05 0.116089 9.99551E-05 9.99551E-05 9.99551E-05 9.99551E-05 0.883411 1
62: 9.9973E-05 0.883576 0.0590927 9.9973E-05 9.9973E-05 0.0130072 0.0440244 1
63: 0.00126695 0.326393 0.0268309 9.9982E-05 0.0148189 9.9982E-05 0.63049 1
64: 0.0205666 0.389811 9.996E-05 9.996E-05 9.996E-05 9.996E-05 0.589222 1
65: 0.00284712 0.59211 0.0757038 9.997E-05 9.997E-05 9.997E-05 0.329039 1
66: 9.9964E-05 0.646823 0.0499344 9.9964E-05 9.9964E-05 9.9964E-05 0.302843 1
67: 9.9973E-05 0.388364 0.00405939 9.9973E-05 0.0101879 9.9973E-05 0.597089 1
68: 9.99551E-05 0.99709 9.99551E-05 9.99551E-05 9.99551E-05 0.0024107 9.99551E-05 1
69: 9.995E-05 0.9994 9.995E-05 9.995E-05 9.995E-05 9.995E-05 9.995E-05 1
70: 9.995E-05 9.995E-05 9.995E-05 9.995E-05 9.995E-05 9.995E-05 0.9994 1
71: 9.9973E-05 0.080878 0.0182564 9.9973E-05 9.9973E-05 0.0154921 0.885074 1
72: 9.999E-05 0.77079 0.0847145 0.0183369 0.0153251 0.0190088 0.0917249 1
73: 9.9973E-05 0.274275 0.241992 9.9973E-05 9.9973E-05 0.00157171 0.481861 1
74: 9.9955E-05 0.592111 9.9955E-05 9.9955E-05 9.9955E-05 9.9955E-05 0.407389 1
75: 9.9964E-05 0.750133 0.141895 9.9964E-05 9.9964E-05 9.9964E-05 0.107572 1
76: 9.9955E-05 0.899821 0.0996796 9.9955E-05 9.9955E-05 9.9955E-05 9.9955E-05 1
77: 0.0181054 0.836361 0.0105447 9.998E-05 0.018433 9.998E-05 0.116356 1
78: 9.997E-05 0.447677 0.225406 9.997E-05 0.00563385 9.997E-05 0.320983 1
79: 0.00139022 0.843833 0.139642 0.0148348 9.9973E-05 9.9973E-05 9.9973E-05 1
80: 9.995E-05 0.953262 9.995E-05 9.995E-05 0.0462379 9.995E-05 9.995E-05 1
81: 9.9955E-05 0.311871 9.9955E-05 9.9955E-05 9.9955E-05 9.9955E-05 0.68763 1
82: 0.0270778 9.9964E-05 0.0793356 9.9964E-05 9.9964E-05 9.9964E-05 0.893187 1
83: 9.9964E-05 0.317587 0.196344 9.9964E-05 9.9964E-05 9.9964E-05 0.485669 1
84: 0.0173519 0.0629741 0.231584 0.0162341 9.998E-05 9.998E-05 0.671656 1
85: 0.0210847 0.35469 0.0153156 9.997E-05 9.997E-05 9.997E-05 0.60861 1
86: 0.00692224 0.206725 0.195525 9.997E-05 9.997E-05 9.997E-05 0.590527 1
87: 9.9973E-05 0.738834 0.0149694 0.0105225 9.9973E-05 9.9973E-05 0.235374 1
88: 9.9955E-05 9.9955E-05 0.0988017 9.9955E-05 9.9955E-05 9.9955E-05 0.900699 1
89: 9.998E-05 0.403308 0.0340431 9.998E-05 0.0178838 0.0102774 0.534287 1
90: 9.9964E-05 0.248338 0.18951 9.9964E-05 9.9964E-05 9.9964E-05 0.561752 1
91: 0.00425618 0.315161 9.998E-05 0.0251394 0.00932568 9.998E-05 0.645917 1
92: 9.995E-05 9.995E-05 9.995E-05 9.995E-05 9.995E-05 9.995E-05 0.9994 1
93: 9.9964E-05 0.548774 0.138474 9.9964E-05 9.9964E-05 9.9964E-05 0.312352 1
94: 9.9973E-05 0.316503 0.0375167 9.9973E-05 9.9973E-05 0.0286679 0.617012 1
95: 9.9973E-05 0.0782707 0.0625434 0.0136118 9.9973E-05 9.9973E-05 0.845274 1
96: 9.9964E-05 0.261812 0.0891807 9.9964E-05 9.9964E-05 9.9964E-05 0.648607 1
97: 9.9973E-05 0.247345 0.239702 9.9973E-05 0.0247406 9.9973E-05 0.487913 1
98: 9.9973E-05 0.56333 0.114495 0.0156554 9.9973E-05 9.9973E-05 0.30622 1
99: 9.997E-05 0.0767886 9.997E-05 0.0109499 0.00146579 9.997E-05 0.910496 1
100: 0.0531882 0.0209826 9.9964E-05 9.9964E-05 0.925429 9.9964E-05 9.9964E-05 1
101: 9.995E-05 9.995E-05 9.995E-05 9.995E-05 0.9994 9.995E-05 9.995E-05 1
102: 9.9955E-05 9.9955E-05 0.00467785 9.9955E-05 0.994822 9.9955E-05 9.9955E-05 1
103: 0.0435814 9.997E-05 9.997E-05 0.00089837 0.947913 0.00730762 9.997E-05 1
104: 9.9973E-05 9.9973E-05 0.000566932 9.9973E-05 0.996051 0.00293227 0.000150326 1
105: 9.9955E-05 0.00164933 9.9955E-05 9.9955E-05 0.997851 9.9955E-05 9.9955E-05 1
106: 9.998E-05 0.0494766 9.998E-05 0.717201 0.0201542 0.178776 0.0341926 1
107: 0.035937 9.9964E-05 9.9964E-05 9.9964E-05 0.955934 9.9964E-05 0.00772917 1
108: 0.0151247 9.9973E-05 9.9973E-05 0.00922766 0.966983 0.00836433 9.9973E-05 1
109: 0.00637646 9.9955E-05 9.9955E-05 9.9955E-05 0.993124 9.9955E-05 9.9955E-05 1
110: 0.036245 9.9964E-05 9.9964E-05 0.0060774 0.957278 9.9964E-05 9.9964E-05 1
111: 0.00873482 0.330422 0.528339 9.998E-05 0.000344061 9.998E-05 0.131961 1
112: 0.9994 9.995E-05 9.995E-05 9.995E-05 9.995E-05 9.995E-05 9.995E-05 1
113: 9.996E-05 9.996E-05 9.996E-05 0.218783 0.00799062 0.772826 9.996E-05 1
114: 9.997E-05 9.997E-05 0.00583811 0.940312 0.035698 0.0178515 9.997E-05 1
115: 0.993973 9.9955E-05 9.9955E-05 0.00552693 9.9955E-05 9.9955E-05 9.9955E-05 1
116: 0.982326 9.9973E-05 9.9973E-05 0.00369156 0.0107964 0.00288645 9.9973E-05 1
117: 0.856584 9.9973E-05 0.0296544 9.9973E-05 0.0875889 9.9973E-05 0.025873 1
118: 0.913309 9.997E-05 0.00240902 0.0236286 0.060353 9.997E-05 9.997E-05 1
119: 0.0171368 9.9964E-05 9.9964E-05 0.904381 9.9964E-05 0.0780823 9.9964E-05 1

1: 0.166523 0.0192289 0.0175747 9.9973E-05 9.9973E-05 9.9973E-05 0.796374 1
2: 9.995E-05 9.995E-05 9.995E-05 9.995E-05 9.995E-05 9.995E-05 0.9994 1
3: 0.0383818 9.9973E-05 0.00829687 9.9973E-05 9.9973E-05 0.0102491 0.942772 1
4: 0.145384 0.0245322 9.9973E-05 9.9973E-05 0.0425288 9.9973E-05 0.787255 1
5: 9.9973E-05 0.153034 0.729997 0.107255 9.9973E-05 9.9973E-05 0.00941333 1
6: 9.995E-05 0.9994 9.995E-05 9.995E-05 9.995E-05 9.995E-05 9.995E-05 1
7: 0.0351123 0.0207528 0.0292989 9.9991E-05 0.0106238 0.00107786 0.903034 1
8: 9.995E-05 9.995E-05 9.995E-05 9.995E-05 9.995E-05 9.995E-05 0.9994 1
9: 0.0256422 0.00452667 9.9964E-05 9.9964E-05 9.9964E-05 9.9964E-05 0.969431 1
10: 9.99551E-05 9.99551E-05 9.99551E-05 9.99551E-05 0.949692 0.0498085 9.99551E-05 1
11: 9.99551E-05 9.99551E-05 9.99551E-05 9.99551E-05 0.0182014 0.981299 9.99551E-05 1
12: 0.00442262 9.9991E-05 0.00571894 0.020567 0.908719 0.0468144 0.0136578 1
13: 9.995E-05 9.995E-05 9.995E-05 9.995E-05 0.9994 9.995E-05 9.995E-05 1
14: 9.9964E-05 9.9964E-05 9.9964E-05 9.9964E-05 0.344926 0.652231 0.00244289 1
15: 9.995E-05 9.995E-05 9.995E-05 0.9994 9.995E-05 9.995E-05 9.995E-05 1
16: 0.0141553 9.9973E-05 9.9973E-05 0.0522456 9.9973E-05 0.0129698 0.920329 1
17: 0.00518216 9.99551E-05 9.99551E-05 9.99551E-05 9.99551E-05 9.99551E-05 0.994318 1
18: 9.995E-05 9.995E-05 9.995E-05 9.995E-05 9.995E-05 9.995E-05 0.9994 1
19: 9.995E-05 9.995E-05 9.995E-05 9.995E-05 9.995E-05 9.995E-05 0.9994 1
20: 0.047419 0.0429584 0.0227866 9.9973E-05 9.9973E-05 9.9973E-05 0.886536 1
21: 0.147969 9.9982E-05 9.9982E-05 0.035153 0.0273835 0.00386379 0.785431 1
22: 0.0256142 9.9964E-05 0.0283275 9.9964E-05 9.9964E-05 9.9964E-05 0.945658 1
23: 9.995E-05 0.9994 9.995E-05 9.995E-05 9.995E-05 9.995E-05 9.995E-05 1
24: 0.0225664 9.9973E-05 9.9973E-05 0.00184622 0.904334 0.0709536 9.9973E-05 1
25: 9.9964E-05 9.9964E-05 0.986935 9.9964E-05 0.00318295 0.00948206 9.9964E-05 1
26: 0.9994 9.995E-05 9.995E-05 9.995E-05 9.995E-05 9.995E-05 9.995E-05 1
27: 9.9955E-05 0.000413798 0.999086 9.9955E-05 9.9955E-05 9.9955E-05 9.9955E-05 1
28: 9.995E-05 9.995E-05 0.9994 9.995E-05 9.995E-05 9.995E-05 9.995E-05 1
29: 9.9955E-05 0.093449 0.906051 9.9955E-05 9.9955E-05 9.9955E-05 9.9955E-05 1
30: 0.0158173 0.226704 0.722956 0.0342228 9.9973E-05 9.9973E-05 9.9973E-05 1
31: 9.9973E-05 0.0689292 0.89805 9.9973E-05 0.0219418 0.0107789 9.9973E-05 1
32: 9.995E-05 9.995E-05 0.9994 9.995E-05 9.995E-05 9.995E-05 9.995E-05 1
33: 0.9994 9.995E-05 9.995E-05 9.995E-05 9.995E-05 9.995E-05 9.995E-05 1
34: 0.00596795 0.000277201 0.0433012 9.9982E-05 0.876074 0.0741794 9.9982E-05 1
35: 0.992676 9.9955E-05 9.9955E-05 0.006824 9.9955E-05 9.9955E-05 9.9955E-05 1
36: 0.0103233 9.9982E-05 9.9982E-05 0.00094197 0.965208 0.0112141 0.0121122 1
37: 0.974292 9.9973E-05 0.00737165 9.9973E-05 0.011925 0.00611141 9.9973E-05 1
38: 0.992743 0.00232133 0.000368062 9.9973E-05 9.9973E-05 0.00426735 9.9973E-05 1
39: 9.9955E-05 9.9955E-05 9.9955E-05 0.00889142 0.990609 9.9955E-05 9.9955E-05 1
40: 9.99551E-05 9.99551E-05 9.99551E-05 9.99551E-05 0.99914 9.99551E-05 0.000360658 1
41: 0.946236 9.99656E-05 9.99656E-05 9.99656E-05 9.99656E-05 0.0401156 0.0132488 1
42: 0.00378919 9.9973E-05 9.9973E-05 0.033304 0.954234 9.9973E-05 0.00837239 1
43: 0.974128 9.9973E-05 0.00931953 0.0050583 0.011194 9.9973E-05 9.9973E-05 1
44: 9.9973E-05 9.9973E-05 0.010707 0.0106075 0.0534472 0.924938 9.9973E-05 1
45: 0.00955126 0.0347999 0.00096003 9.9982E-05 0.484068 0.470421 9.9982E-05 1
46: 9.9964E-05 9.9964E-05 9.9964E-05 9.9964E-05 0.0734622 0.910114 0.0160244 1
47: 0.00281839 9.9991E-05 0.00704062 0.00891535 0.111596 0.857157 0.0123722 1
48: 9.9955E-05 9.9955E-05 9.9955E-05 9.9955E-05 0.604214 0.395286 9.9955E-05 1
49: 9.9955E-05 9.9955E-05 9.9955E-05 9.9955E-05 0.810238 0.189262 9.9955E-05 1
50: 0.00200675 9.99641E-05 9.99641E-05 9.99641E-05 0.477433 0.52016 9.99641E-05 1
51: 9.9964E-05 9.9964E-05 9.9964E-05 0.0136672 9.9964E-05 0.957975 0.0279582 1
52: 9.9973E-05 0.0228403 9.9973E-05 9.9973E-05 0.0542006 0.899177 0.0234822 1
53: 9.9964E-05 0.00730164 9.9964E-05 9.9964E-05 0.236929 0.75537 9.9964E-05 1
54: 9.9964E-05 9.9964E-05 9.9964E-05 0.00231742 0.539825 0.457458 9.9964E-05 1
55: 9.9964E-05 0.00529589 9.9964E-05 9.9964E-05 0.720989 0.273315 9.9964E-05 1
56: 9.995E-05 9.995E-05 9.995E-05 9.995E-05 9.995E-05 0.9994 9.995E-05 1
57: 0.0185566 9.9964E-05 9.9964E-05 9.9964E-05 0.345608 0.635435 9.9964E-05 1
58: 0.9994 9.995E-05 9.995E-05 9.995E-05 9.995E-05 9.995E-05 9.995E-05 1
59: 0.92693 9.996E-05 9.996E-05 0.0191511 9.996E-05 9.996E-05 0.0535195 1
60: 0.941468 9.9964E-05 9.9964E-05 9.9964E-05 9.9964E-05 0.0490103 0.00912134 1
61: 9.99641E-05 9.99641E-05 9.99641E-05 0.00511399 0.00935217 0.985134 9.99641E-05 1
62: 9.9973E-05 0.00478727 9.9973E-05 0.0249721 0.895611 0.0743296 9.9973E-05 1
63: 0.0140308 9.9964E-05 9.9964E-05 9.9964E-05 0.277239 0.708331 9.9964E-05 1
64: 0.00895354 0.00476139 9.9982E-05 9.9982E-05 0.326735 0.653281 0.00606925 1
65: 9.9955E-05 9.9955E-05 9.9955E-05 9.9955E-05 0.587403 0.412097 9.9955E-05 1
66: 9.9964E-05 9.9964E-05 9.9964E-05 9.9964E-05 0.641893 0.352121 0.00558612 1
67: 9.9964E-05 9.9964E-05 9.9964E-05 0.0178951 0.257137 0.724568 9.9964E-05 1
68: 0.00632578 0.00681797 9.9973E-05 9.9973E-05 0.951255 0.0353018 9.9973E-05 1
69: 9.9955E-05 0.00362346 9.9955E-05 9.9955E-05 0.995877 9.9955E-05 9.9955E-05 1
70: 9.995E-05 9.995E-05 9.995E-05 9.995E-05 9.995E-05 0.9994 9.995E-05 1
71: 9.9964E-05 9.9964E-05 9.9964E-05 0.00536507 0.0253749 0.96886 9.9964E-05 1
72: 0.0189108 9.9982E-05 0.0151521 0.00229041 0.862503 0.100943 9.9982E-05 1
73: 9.9955E-05 9.9955E-05 9.9955E-05 9.9955E-05 0.458578 0.540922 9.9955E-05 1
74: 9.99551E-05 9.99551E-05 9.99551E-05 9.99551E-05 0.466147 0.533353 9.99551E-05 1
75: 9.99551E-05 9.99551E-05 9.99551E-05 9.99551E-05 0.847667 0.151834 9.99551E-05 1
76: 9.995E-05 9.995E-05 9.995E-05 9.995E-05 0.9994 9.995E-05 9.995E-05 1
77: 0.0139337 9.9964E-05 9.9964E-05 9.9964E-05 0.810229 0.175437 9.9964E-05 1
78: 0.0348908 9.9964E-05 9.9964E-05 9.9964E-05 0.601434 0.363276 9.9964E-05 1
79: 9.9955E-05 9.9955E-05 0.00967132 9.9955E-05 0.989829 9.9955E-05 9.9955E-05 1
80: 0.0392785 9.9955E-05 9.9955E-05 9.9955E-05 0.960222 9.9955E-05 9.9955E-05 1
81: 9.9955E-05 9.9955E-05 9.9955E-05 9.9955E-05 0.261465 0.738035 9.9955E-05 1
82: 0.00947941 9.9964E-05 9.9964E-05 9.9964E-05 9.9964E-05 0.954628 0.0354926 1
83: 9.9955E-05 9.9955E-05 9.9955E-05 9.9955E-05 0.52611 0.473391 9.9955E-05 1
84: 9.9973E-05 9.9973E-05 0.0449749 9.9973E-05 0.295777 0.647398 0.01155 1
85: 9.9964E-05 9.9964E-05 9.9964E-05 9.9964E-05 0.290624 0.682103 0.0268728 1
86: 9.9964E-05 9.9964E-05 9.9964E-05 9.9964E-05 0.480652 0.493407 0.0255407 1
87: 9.9973E-05 0.00420316 0.0216598 9.9973E-05 0.694173 0.279664 9.9973E-05 1
88: 9.9955E-05 9.9955E-05 9.9955E-05 9.9955E-05 0.0577779 0.941722 9.9955E-05 1
89: 9.9964E-05 9.9964E-05 9.9964E-05 9.9964E-05 0.393482 0.586289 0.0198289 1
90: 9.9964E-05 0.000221185 9.9964E-05 9.9964E-05 0.433091 0.566288 9.9964E-05 1
91: 0.00372098 9.999E-05 0.0169859 0.0109465 0.289965 0.672473 0.00580809 1
92: 9.995E-05 9.995E-05 9.995E-05 9.995E-05 9.995E-05 0.9994 9.995E-05 1
93: 9.9955E-05 9.9955E-05 9.9955E-05 9.9955E-05 0.626092 0.373409 9.9955E-05 1
94: 9.9964E-05 9.9964E-05 9.9964E-05 0.0298853 0.343265 0.62645 9.9964E-05 1
95: 9.9973E-05 9.9973E-05 0.0179485 0.00128348 0.102926 0.877542 9.9973E-05 1
96: 9.9973E-05 9.9973E-05 9.9973E-05 0.000949557 0.273613 0.715791 0.00934657 1
97: 0.0201945 9.9964E-05 9.9964E-05 9.9964E-05 0.441569 0.537836 9.9964E-05 1
98: 9.9964E-05 9.9964E-05 0.00794102 9.9964E-05 0.623673 0.367986 9.9964E-05 1
99: 9.99714E-05 0.0249033 9.99714E-05 9.99714E-05 0.0137016 0.960995 9.99714E-05 1
100: 0.912193 9.9964E-05 9.9964E-05 9.9964E-05 0.0136517 9.9964E-05 0.0737556 1
101: 0.9994 9.995E-05 9.995E-05 9.995E-05 9.995E-05 9.995E-05 9.995E-05 1
102: 0.9994 9.995E-05 9.995E-05 9.995E-05 9.995E-05 9.995E-05 9.995E-05 1
103: 0.91268 0.00484765 0.00657058 0.0137684 9.9982E-05 9.9982E-05 0.0619337 1
104: 0.990789 9.99551E-05 9.99551E-05 0.0087108 9.99551E-05 9.99551E-05 9.99551E-05 1
105: 0.981767 9.9964E-05 9.9964E-05 0.00405493 9.9964E-05 0.0137782 9.9964E-05 1
106: 0.0285996 0.731505 0.0915185 0.128173 0.0200039 9.9982E-05 9.9982E-05 1
107: 0.994259 9.9955E-05 9.9955E-05 9.9955E-05 9.9955E-05 9.9955E-05 0.00524102 1
108: 0.939722 9.997E-05 0.00556526 0.0188787 9.997E-05 9.997E-05 0.0355341 1
109: 0.975569 9.9955E-05 9.9955E-05 9.9955E-05 9.9955E-05 9.9955E-05 0.0239309 1
110: 0.946269 9.9964E-05 0.010834 9.9964E-05 9.9964E-05 9.9964E-05 0.0424973 1
111: 9.9964E-05 9.9964E-05 9.9964E-05 9.9964E-05 0.840207 0.140409 0.0189835 1
112: 9.995E-05 9.995E-05 9.995E-05 9.995E-05 9.995E-05 9.995E-05 0.9994 1
113: 9.9955E-05 9.9955E-05 0.229513 0.769988 9.9955E-05 9.9955E-05 9.9955E-05 1
114: 0.0302115 0.11325 0.851472 0.00476669 9.9973E-05 9.9973E-05 9.9973E-05 1
115: 9.9955E-05 0.0103015 9.9955E-05 9.9955E-05 9.9955E-05 9.9955E-05 0.989199 1
116: 0.0226069 9.9964E-05 0.0261418 9.9964E-05 9.9964E-05 9.9964E-05 0.950851 1
117: 0.0418064 9.9964E-05 9.9964E-05 9.9964E-05 9.9964E-05 0.0637209 0.894073 1
118: 0.0827985 0.0228116 0.00663039 9.9982E-05 0.00366063 9.9982E-05 0.883899 1
119: 9.9964E-05 9.9964E-05 0.870641 0.11106 9.9964E-05 9.9964E-05 0.0178999 1

1: 9.9964E-05 9.9964E-05 0.512251 9.9964E-05 0.334371 9.9964E-05 0.152978 1
2: 9.995E-05 9.995E-05 9.995E-05 9.995E-05 0.9994 9.995E-05 9.995E-05 1
3: 9.995E-05 9.995E-05 0.9994 9.995E-05 9.995E-05 9.995E-05 9.995E-05 1
4: 0.0168056 9.9982E-05 0.0976877 0.0195185 0.724666 9.9982E-05 0.141122 1
5: 0.960074 9.9973E-05 0.00617773 9.9973E-05 0.0205579 9.9973E-05 0.0128902 1
6: 0.948869 0.019929 0.00840754 0.00932229 0.013272 9.9982E-05 9.9982E-05 1
7: 0.0110737 9.9973E-05 0.801754 9.9973E-05 0.168719 9.9973E-05 0.0181528 1
8: 9.995E-05 9.995E-05 9.995E-05 9.995E-05 0.9994 9.995E-05 9.995E-05 1
9: 0.0113462 9.9973E-05 0.159158 9.9973E-05 0.764533 9.9973E-05 0.0646633 1
10: 9.9955E-05 9.9955E-05 9.9955E-05 0.915255 9.9955E-05 0.0842448 9.9955E-05 1
11: 9.99551E-05 0.962543 9.99551E-05 0.0369573 9.99551E-05 9.99551E-05 9.99551E-05 1
12: 0.00879054 0.0575713 9.9982E-05 0.130158 0.0203757 0.782905 9.9982E-05 1
13: 0.000939557 0.00839546 0.0016482 0.115537 9.9982E-05 0.87328 9.9982E-05 1
14: 9.9973E-05 0.597943 0.00354893 0.204999 9.9973E-05 0.19321 9.9973E-05 1
15: 0.63883 0.0378256 0.0570251 9.99821E-05 0.176495 0.0896244 9.99821E-05 1
16: 0.0211525 0.0425943 0.497399 9.9982E-05 0.382757 9.9982E-05 0.0558972 1
17: 9.9964E-05 9.9964E-05 0.493174 0.0159187 0.490508 9.9964E-05 9.9964E-05 1
18: 9.995E-05 9.995E-05 9.995E-05 9.995E-05 0.9994 9.995E-05 9.995E-05 1
19: 9.995E-05 9.995E-05 9.995E-05 9.995E-05 0.9994 9.995E-05 9.995E-05 1
20: 9.9973E-05 9.9973E-05 0.766132 9.9973E-05 0.203724 0.00132014 0.0285241 1
21: 9.9973E-05 9.9973E-05 0.914833 9.9973E-05 0.00204952 0.000283843 0.0825336 1
22: 9.995E-05 9.995E-05 0.9994 9.995E-05 9.995E-05 9.995E-05 9.995E-05 1
23: 0.939041 0.030259 9.9973E-05 0.0064298 0.0239704 9.9973E-05 9.9973E-05 1
24: 9.9964E-05 0.0241972 9.9964E-05 9.9964E-05 9.9964E-05 0.971783 0.00361953 1
25: 0.998122 0.000548493 9.9964E-05 9.9964E-05 9.9964E-05 9.9964E-05 0.000929277 1
26: 9.995E-05 9.995E-05 9.995E-05 9.995E-05 9.995E-05 9.995E-05 0.9994 1
27: 0.9994 9.995E-05 9.995E-05 9.995E-05 9.995E-05 9.995E-05 9.995E-05 1
28: 0.9994 9.995E-05 9.995E-05 9.995E-05 9.995E-05 9.995E-05 9.995E-05 1
29: 0.9994 9.995E-05 9.995E-05 9.995E-05 9.995E-05 9.995E-05 9.995E-05 1
30: 0.975161 9.9964E-05 9.9964E-05 9.9964E-05 9.9964E-05 0.0069575 0.0174818 1
31: 0.981272 9.9955E-05 9.9955E-05 0.018228 9.9955E-05 9.9955E-05 9.9955E-05 1
32: 0.9994 9.995E-05 9.995E-05 9.995E-05 9.995E-05 9.995E-05 9.995E-05 1
33: 9.9955E-05 9.9955E-05 9.9955E-05 9.9955E-05 9.9955E-05 0.00582392 0.993676 1
34: 0.0181054 0.0462132 9.9991E-05 0.211621 0.0207503 0.694892 0.00831823 1
35: 9.995E-05 9.995E-05 9.995E-05 9.995E-05 9.995E-05 9.995E-05 0.9994 1
36: 9.9955E-05 9.9955E-05 9.9955E-05 9.9955E-05 9.9955E-05 0.99295 0.00655029 1
37: 0.0149087 0.0209645 9.9964E-05 9.9964E-05 9.9964E-05 9.9964E-05 0.963727 1
38: 0.017063 9.9964E-05 9.9964E-05 0.00417638 9.9964E-05 9.9964E-05 0.978361 1
39: 9.995E-05 9.995E-05 9.995E-05 9.995E-05 9.995E-05 0.9994 9.995E-05 1
40: 9.995E-05 9.995E-05 9.995E-05 9.995E-05 9.995E-05 0.9994 9.995E-05 1
41: 9.9964E-05 0.0219709 0.0912624 9.9964E-05 9.9964E-05 9.9964E-05 0.886367 1
42: 0.0105532 9.9973E-05 9.9973E-05 9.9973E-05 0.00667683 0.977727 0.00474304 1
43: 0.0143869 9.9973E-05 0.0026861 0.0163561 9.9973E-05 9.9973E-05 0.966271 1
44: 0.00618579 0.872043 9.9973E-05 9.9973E-05 9.9973E-05 0.119243 0.00222804 1
45: 0.0203921 0.428194 9.9973E-05 0.135092 9.9973E-05 0.416022 9.9973E-05 1
46: 9.9964E-05 0.831971 9.9964E-05 0.157154 0.0104748 9.9964E-05 9.9964E-05 1
47: 9.999E-05 0.749045 0.0219094 0.202508 0.00571863 0.00959463 0.0111248 1
48: 9.9964E-05 0.367378 9.9964E-05 0.155275 9.9964E-05 0.476947 9.9964E-05 1
49: 9.9964E-05 0.212683 9.9964E-05 0.140431 9.9964E-05 0.646486 9.9964E-05 1
50: 9.9973E-05 0.507383 9.9973E-05 0.182113 0.0136243 0.296579 9.9973E-05 1
51: 9.9964E-05 0.970264 0.0163118 9.9964E-05 0.0130246 9.9964E-05 9.9964E-05 1
52: 0.0336373 0.880292 9.9982E-05 0.0604261 0.0172107 0.00823432 9.9982E-05 1
53: 0.0160377 0.783405 9.9973E-05 0.189016 9.9973E-05 0.0112408 9.9973E-05 1
54: 9.9964E-05 0.484277 9.9964E-05 0.0467402 9.9964E-05 0.468583 9.9964E-05 1
55: 9.995E-05 9.995E-05 9.995E-05 0.9994 9.995E-05 9.995E-05 9.995E-05 1
56: 9.9955E-05 0.961628 9.9955E-05 0.0378721 9.9955E-05 9.9955E-05 9.9955E-05 1
57: 9.9964E-05 0.555808 9.9964E-05 0.311831 9.9964E-05 0.131962 9.9964E-05 1
58: 9.995E-05 9.995E-05 9.995E-05 9.995E-05 9.995E-05 9.995E-05 0.9994 1
59: 0.0109023 9.99731E-05 0.0108995 9.99731E-05 0.0461252 9.99731E-05 0.931773 1
60: 9.9973E-05 0.0372427 9.9973E-05 9.9973E-05 0.0160474 0.0138047 0.932605 1
61: 9.9964E-05 0.902972 9.9964E-05 0.086625 9.9964E-05 0.0100028 9.9964E-05 1
62: 0.00243391 0.0873686 9.9973E-05 0.125772 9.9973E-05 0.784125 9.9973E-05 1
63: 9.9964E-05 0.707989 9.9964E-05 9.9964E-05 9.9964E-05 0.282465 0.0091462 1
64: 9.9973E-05 0.671374 9.9973E-05 0.031589 0.00669878 0.290038 9.9973E-05 1
65: 9.997E-05 0.411473 0.0113116 0.0995085 9.997E-05 0.477407 9.997E-05 1
66: 9.9973E-05 0.367504 0.000389726 0.124006 9.9973E-05 0.5078 9.9973E-05 1
67: 9.9982E-05 0.690948 0.00992529 0.143023 9.9982E-05 0.149771 0.00613356 1
68: 9.9955E-05 9.9955E-05 9.9955E-05 0.996505 0.00299478 9.9955E-05 9.9955E-05 1
69: 9.9955E-05 9.9955E-05 9.9955E-05 0.598476 9.9955E-05 0.401024 9.9955E-05 1
70: 9.995E-05 0.9994 9.995E-05 9.995E-05 9.995E-05 9.995E-05 9.995E-05 1
71: 9.9955E-05 0.959705 9.9955E-05 0.0397951 9.9955E-05 9.9955E-05 9.9955E-05 1
72: 0.0264431 0.0443473 9.9991E-05 0.408014 0.0145449 0.493991 0.0125598 1
73: 9.9964E-05 0.540318 9.9964E-05 9.9964E-05 9.9964E-05 0.451604 0.00767805 1
74: 9.9964E-05 0.45817 9.9964E-05 0.427367 9.9964E-05 0.114063 9.9964E-05 1
75: 9.996E-05 0.124586 9.996E-05 0.5002 9.996E-05 0.374814 9.996E-05 1
76: 9.9964E-05 9.9964E-05 9.9964E-05 0.124669 0.00761239 0.867319 9.9964E-05 1
77: 9.9991E-05 0.0771169 0.00745959 0.50171 0.00269518 0.394122 0.0167963 1
78: 9.997E-05 0.277821 9.997E-05 0.288291 9.997E-05 0.389698 0.0438899 1
79: 9.9955E-05 9.9955E-05 9.9955E-05 0.119769 9.9955E-05 0.879731 9.9955E-05 1
80: 9.996E-05 9.996E-05 9.996E-05 0.124389 9.996E-05 0.842407 0.0328037 1
81: 9.9955E-05 0.768411 9.9955E-05 9.9955E-05 9.9955E-05 0.23109 9.9955E-05 1
82: 9.9973E-05 0.962694 0.00796003 9.9973E-05 0.0199531 9.9973E-05 0.00909268 1
83: 9.9964E-05 0.436332 9.9964E-05 0.279059 9.9964E-05 0.284208 9.9964E-05 1
84: 0.00913678 0.636741 9.9973E-05 0.315128 0.0386944 9.9973E-05 9.9973E-05 1
85: 9.9973E-05 0.696964 9.9973E-05 0.03017 9.9973E-05 0.261783 0.010784 1
86: 9.9964E-05 0.547042 9.9964E-05 9.9964E-05 0.0127304 0.439827 9.9964E-05 1
87: 0.0228575 0.276076 9.9973E-05 0.124509 9.9973E-05 0.576258 9.9973E-05 1
88: 9.9964E-05 0.92674 9.9964E-05 0.0280815 9.9964E-05 0.0447789 9.9964E-05 1
89: 9.9973E-05 0.612852 0.00437683 9.9973E-05 9.9973E-05 0.37961 0.00286142 1
90: 9.9955E-05 0.582037 9.9955E-05 9.9955E-05 9.9955E-05 0.417463 9.9955E-05 1
91: 0.031591 0.465222 0.0101941 0.492693 9.9973E-05 9.9973E-05 9.9973E-05 1
92: 9.995E-05 0.9994 9.995E-05 9.995E-05 9.995E-05 9.995E-05 9.995E-05 1
93: 9.9973E-05 0.397897 9.9973E-05 0.0278514 0.000501336 0.57345 9.9973E-05 1
94: 0.00217081 0.649671 9.9973E-05 0.131242 9.9973E-05 0.216617 9.9973E-05 1
95: 0.0177727 0.839185 9.9973E-05 0.0313121 9.9973E-05 0.11143 9.9973E-05 1
96: 9.9973E-05 0.714758 9.9973E-05 0.0775941 9.9973E-05 0.204163 0.00318541 1
97: 9.9973E-05 0.508715 0.00715836 9.9973E-05 9.9973E-05 0.47291 0.0109161 1
98: 0.00464844 0.314762 9.9973E-05 0.298803 9.9973E-05 0.381487 9.9973E-05 1
99: 0.0246899 0.944747 9.9973E-05 0.0119572 9.9973E-05 9.9973E-05 0.0183061 1
100: 9.9964E-05 9.9964E-05 9.9964E-05 9.9964E-05 0.0878638 0.00156798 0.910168 1
101: 9.9964E-05 9.9964E-05 0.000934273 0.00748179 9.9964E-05 9.9964E-05 0.991184 1
102: 9.995E-05 9.995E-05 9.995E-05 9.995E-05 9.995E-05 9.995E-05 0.9994 1
103: 9.99641E-05 9.99641E-05 0.0242795 9.99641E-05 0.0533131 9.99641E-05 0.922007 1
104: 0.0101469 0.00482113 0.0120567 9.9982E-05 9.9982E-05 0.0108183 0.961957 1
105: 9.9973E-05 0.00337563 9.9973E-05 0.00556208 9.9973E-05 0.00281831 0.987944 1
106: 0.862725 9.9973E-05 9.9973E-05 0.0894261 0.0211782 9.9973E-05 0.0263704 1
107: 0.00724671 9.9973E-05 0.0255477 9.9973E-05 9.9973E-05 0.00334656 0.963559 1
108: 9.99641E-05 9.99641E-05 9.99641E-05 0.0182207 0.0308478 9.99641E-05 0.950532 1
109: 0.00476564 9.9955E-05 9.9955E-05 9.9955E-05 9.9955E-05 9.9955E-05 0.994735 1
110: 0.0138102 9.99551E-05 9.99551E-05 9.99551E-05 9.99551E-05 9.99551E-05 0.98569 1
111: 9.9973E-05 0.120126 9.9973E-05 0.240322 0.0412334 0.598019 9.9973E-05 1
112: 9.995E-05 9.995E-05 9.995E-05 9.995E-05 0.9994 9.995E-05 9.995E-05 1
113: 0.814928 0.045219 9.9973E-05 9.9973E-05 0.0700304 9.9973E-05 0.0695229 1
114: 0.981547 9.99551E-05 9.99551E-05 9.99551E-05 9.99551E-05 9.99551E-05 0.0179528 1
115: 0.00288836 9.9973E-05 0.200939 9.9973E-05 0.776742 9.9973E-05 0.019131 1
116: 9.995E-05 9.995E-05 0.9994 9.995E-05 9.995E-05 9.995E-05 9.995E-05 1
117: 0.00790067 0.034852 0.348377 9.9991E-05 0.540069 0.00784343 0.0608584 1
118: 0.00772767 9.9982E-05 0.747136 9.9982E-05 0.19942 0.0112872 0.0342288 1
119: 0.953625 9.9964E-05 9.9964E-05 9.9964E-05 0.0311051 9.9964E-05 0.0148701 1

1: 9.99641E-05 0.0124114 0.216552 0.770637 9.99641E-05 9.99641E-05 9.99641E-05 1
2: 9.995E-05 9.995E-05 9.995E-05 0.9994 9.995E-05 9.995E-05 9.995E-05 1
3: 9.9964E-05 0.00940891 0.0526667 0.937525 9.9964E-05 9.9964E-05 9.9964E-05 1
4: 9.997E-05 0.00755492 0.157396 0.817223 9.997E-05 0.0175262 9.997E-05 1
5: 9.9964E-05 0.957061 0.0239915 0.0185471 9.9964E-05 9.9964E-05 9.9964E-05 1
6: 9.9973E-05 0.926534 9.9973E-05 0.0408094 9.9973E-05 0.028374 0.00398238 1
7: 9.9973E-05 0.0130376 0.0583207 0.908128 9.9973E-05 0.0202141 9.9973E-05 1
8: 9.995E-05 9.995E-05 9.995E-05 0.9994 9.995E-05 9.995E-05 9.995E-05 1
9: 9.9964E-05 0.00108279 0.0651551 0.933362 9.9964E-05 9.9964E-05 9.9964E-05 1
10: 9.99551E-05 9.99551E-05 9.99551E-05 9.99551E-05 0.0569701 0.94253 9.99551E-05 1
11: 0.00361321 9.9964E-05 9.9964E-05 9.9964E-05 0.747685 9.9964E-05 0.248302 1
12: 0.200768 0.0260364 9.9982E-05 0.00821778 0.0816923 0.683085 9.9982E-05 1
13: 9.995E-05 9.995E-05 9.995E-05 9.995E-05 9.995E-05 0.9994 9.995E-05 1
14: 9.9973E-05 9.9973E-05 9.9973E-05 0.00875968 0.64249 0.325505 0.0229451 1
15: 0.0694392 0.63862 9.99731E-05 0.213952 0.0776894 9.99731E-05 9.99731E-05 1
16: 9.9973E-05 0.00807989 0.00652495 0.947727 0.0373686 9.9973E-05 9.9973E-05 1
17: 0.00818382 9.99551E-05 9.99551E-05 0.991316 9.99551E-05 9.99551E-05 9.99551E-05 1
18: 9.995E-05 9.995E-05 9.995E-05 0.9994 9.995E-05 9.995E-05 9.995E-05 1
19: 9.995E-05 9.995E-05 9.995E-05 0.9994 9.995E-05 9.995E-05 9.995E-05 1
20: 0.0226729 9.9973E-05 0.0738925 0.897176 9.9973E-05 9.9973E-05 0.00595912 1
21: 9.9982E-05 0.0181258 0.125652 0.82994 9.9982E-05 0.0112269 0.0148553 1
22: 9.99551E-05 9.99551E-05 0.0605746 0.938926 9.99551E-05 9.99551E-05 9.99551E-05 1
23: 0.00957287 0.929775 9.9982E-05 0.0319359 0.0246349 0.00388163 9.9982E-05 1
24: 0.974799 9.9964E-05 0.0186091 9.9964E-05 0.00619195 9.9964E-05 9.9964E-05 1
25: 9.995E-05 0.9994 9.995E-05 9.995E-05 9.995E-05 9.995E-05 9.995E-05 1
26: 9.9955E-05 9.9955E-05 0.995899 0.00360143 9.9955E-05 9.9955E-05 9.9955E-05 1
27: 9.995E-05 0.9994 9.995E-05 9.995E-05 9.995E-05 9.995E-05 9.995E-05 1
28: 9.995E-05 0.9994 9.995E-05 9.995E-05 9.995E-05 9.995E-05 9.995E-05 1
29: 9.995E-05 0.9994 9.995E-05 9.995E-05 9.995E-05 9.995E-05 9.995E-05 1
30: 0.0261073 0.96545 0.00268895 0.0054534 9.9973E-05 9.9973E-05 9.9973E-05 1
31: 0.00473935 0.993524 9.9964E-05 9.9964E-05 0.00133707 9.9964E-05 9.9964E-05 1
32: 9.995E-05 0.9994 9.995E-05 9.995E-05 9.995E-05 9.995E-05 9.995E-05 1
33: 0.00916045 9.9955E-05 0.99034 9.9955E-05 9.9955E-05 9.9955E-05 9.9955E-05 1
34: 0.667254 0.0331307 9.9973E-05 9.9973E-05 9.9973E-05 0.257781 0.0415345 1
35: 9.995E-05 9.995E-05 0.9994 9.995E-05 9.995E-05 9.995E-05 9.995E-05 1
36: 0.9994 9.995E-05 9.995E-05 9.995E-05 9.995E-05 9.995E-05 9.995E-05 1
37: 9.9982E-05 0.0350905 0.930227 0.0079786 9.9982E-05 0.0243135 0.00219084 1
38: 9.9955E-05 0.0211174 0.978383 9.9955E-05 9.9955E-05 9.9955E-05 9.9955E-05 1
39: 0.938399 9.9955E-05 9.9955E-05 9.9955E-05 9.9955E-05 0.0611008 9.9955E-05 1
40: 0.825941 9.9955E-05 9.9955E-05 9.9955E-05 9.9955E-05 0.17356 9.9955E-05 1
41: 9.9973E-05 9.9973E-05 0.944517 0.0177522 0.0345498 9.9973E-05 0.00288151 1
42: 0.992412 0.00708834 9.9955E-05 9.9955E-05 9.9955E-05 9.9955E-05 9.9955E-05 1
43: 9.9955E-05 0.026841 0.972659 9.9955E-05 9.9955E-05 9.9955E-05 9.9955E-05 1
44: 9.9982E-05 0.0175342 0.00587603 9.9982E-05 0.408239 0.0948626 0.473289 1
45: 9.9973E-05 0.00900164 9.9973E-05 9.9973E-05 0.0251902 0.592329 0.37318 1
46: 9.9973E-05 0.00565185 9.9973E-05 0.0116026 0.946607 0.0358386 9.9973E-05 1
47: 0.080213 9.99791E-05 0.00821432 9.99791E-05 0.880229 9.99791E-05 0.0310433 1
48: 9.9964E-05 9.9964E-05 9.9964E-05 9.9964E-05 0.178572 0.645513 0.175515 1
49: 0.19575 9.9973E-05 9.9973E-05 9.9973E-05 0.114698 0.606031 0.0832211 1
50: 0.242581 9.9982E-05 0.00539382 9.9982E-05 0.392423 0.201465 0.157938 1
51: 9.9973E-05 0.00279146 9.9973E-05 0.0317364 0.886571 9.9973E-05 0.0786008 1
52: 0.131379 0.00860909 9.9982E-05 0.0115586 0.586409 9.9982E-05 0.261844 1
53: 9.9964E-05 9.9964E-05 0.00398611 9.9964E-05 0.8184 0.177214 9.9964E-05 1
54: 0.312526 9.9973E-05 9.9973E-05 9.9973E-05 0.384885 0.193248 0.109041 1
55: 0.0712393 9.9973E-05 9.9973E-05 9.9973E-05 0.210113 0.698458 0.019889 1
56: 9.9955E-05 9.9955E-05 9.9955E-05 9.9955E-05 0.963447 9.9955E-05 0.0360529 1
57: 0.0512804 9.9964E-05 9.9964E-05 9.9964E-05 0.679424 0.268896 9.9964E-05 1
58: 9.995E-05 9.995E-05 0.9994 9.995E-05 9.995E-05 9.995E-05 9.995E-05 1
59: 9.99731E-05 0.0151815 0.887245 0.0958705 9.99731E-05 0.00140339 9.99731E-05 1
60: 0.00421996 9.9982E-05 0.935748 0.00107567 0.0504619 0.00829497 9.9982E-05 1
61: 9.9964E-05 9.9964E-05 9.9964E-05 9.9964E-05 0.958873 0.0152211 0.0255065 1
62: 0.0225986 9.9964E-05 9.9964E-05 9.9964E-05 9.9964E-05 0.899053 0.0779483 1
63: 0.00588649 9.9982E-05 0.0147749 9.9982E-05 0.387316 0.29472 0.297103 1
64: 0.00205347 9.9982E-05 0.0185755 9.9982E-05 0.45772 0.317698 0.203753 1
65: 9.9973E-05 9.9973E-05 9.9973E-05 0.00309299 0.376454 0.565036 0.0551173 1
66: 0.0811512 9.9982E-05 9.9982E-05 0.010094 0.304555 0.528702 0.0752987 1
67: 0.049814 9.9982E-05 0.00784154 9.9982E-05 0.63868 0.187502 0.115962 1
68: 9.99641E-05 9.99641E-05 0.00569024 9.99641E-05 0.0228231 0.971087 9.99641E-05 1
69: 9.995E-05 9.995E-05 9.995E-05 9.995E-05 9.995E-05 0.9994 9.995E-05 1
70: 9.995E-05 9.995E-05 9.995E-05 9.995E-05 9.995E-05 9.995E-05 0.9994 1
71: 9.9964E-05 9.9964E-05 0.0037056 9.9964E-05 0.871505 9.9964E-05 0.12439 1
72: 0.171426 0.0303599 0.0150536 9.9991E-05 0.176896 0.587445 0.018719 1
73: 0.222821 9.9973E-05 9.9973E-05 9.9973E-05 0.512897 0.216863 0.0471182 1
74: 9.9955E-05 9.9955E-05 9.9955E-05 9.9955E-05 0.537729 0.461771 9.9955E-05 1
75: 0.120232 9.9964E-05 9.9964E-05 9.9964E-05 0.203636 0.675732 9.9964E-05 1
76: 9.9964E-05 9.9964E-05 0.00543156 0.0119806 9.9964E-05 0.982188 9.9964E-05 1
77: 0.106337 9.9991E-05 0.0136201 0.0100098 0.00582351 0.751656 0.112454 1
78: 0.18292 9.998E-05 0.0294484 9.998E-05 0.216925 0.499464 0.0710427 1
79: 0.164779 0.0160333 9.9964E-05 9.9964E-05 9.9964E-05 0.818788 9.9964E-05 1
80: 9.9964E-05 9.9964E-05 0.0191953 9.9964E-05 9.9964E-05 0.972181 0.00822393 1
81: 9.9973E-05 9.9973E-05 9.9973E-05 0.00692071 0.292982 0.310989 0.388809 1
82: 0.0708846 9.9982E-05 0.0192366 0.00544897 0.179297 9.9982E-05 0.724933 1
83: 0.202662 9.9973E-05 9.9973E-05 9.9973E-05 0.238658 0.283989 0.274391 1
84: 0.182194 0.0127259 9.9982E-05 9.9982E-05 0.0330165 0.125657 0.646207 1
85: 0.132401 9.9982E-05 9.9982E-05 0.00874791 0.692209 0.121877 0.0445653 1
86: 0.169118 9.9982E-05 9.9982E-05 0.00735038 0.0632125 0.300356 0.459763 1
87: 0.13168 0.000964728 9.9982E-05 9.9982E-05 0.29137 0.53867 0.0371144 1
88: 0.0966883 9.9964E-05 9.9964E-05 9.9964E-05 0.327315 9.9964E-05 0.575597 1
89: 0.00524101 9.9991E-05 0.010034 0.0452786 0.527651 0.297765 0.11393 1
90: 0.132101 9.9964E-05 9.9964E-05 9.9964E-05 9.9964E-05 0.261151 0.606348 1
91: 9.9982E-05 0.0157151 9.9982E-05 0.000236788 0.0627631 0.339352 0.581733 1
92: 9.995E-05 9.995E-05 9.995E-05 9.995E-05 9.995E-05 9.995E-05 0.9994 1
93: 0.185577 9.9973E-05 9.9973E-05 9.9973E-05 0.0731034 0.444488 0.296531 1
94: 0.10326 0.0222241 9.9982E-05 9.9982E-05 0.496565 0.246721 0.13103 1
95: 0.0462836 0.00673167 9.9982E-05 9.9982E-05 0.750294 0.049889 0.146602 1
96: 0.110442 0.0029907 0.00757445 9.9991E-05 0.171086 0.197827 0.509979 1
97: 0.0924541 9.9973E-05 0.0149693 9.9973E-05 9.9973E-05 0.315771 0.576506 1
98: 0.113807 0.0071286 9.9982E-05 9.9982E-05 0.0978093 0.509691 0.271364 1
99: 9.9973E-05 0.015822 0.0104638 9.9973E-05 0.777278 9.9973E-05 0.196136 1
100: 9.99641E-05 9.99641E-05 0.960511 0.0357969 9.99641E-05 0.00329188 9.99641E-05 1
101: 0.0045149 9.9955E-05 0.994985 9.9955E-05 9.9955E-05 9.9955E-05 9.9955E-05 1
102: 9.995E-05 9.995E-05 0.9994 9.995E-05 9.995E-05 9.995E-05 9.995E-05 1
103: 9.99551E-05 9.99551E-05 0.960977 0.0385229 9.99551E-05 9.99551E-05 9.99551E-05 1
104: 9.99551E-05 0.0154443 0.984056 9.99551E-05 9.99551E-05 9.99551E-05 9.99551E-05 1
105: 9.9955E-05 9.9955E-05 0.996756 9.9955E-05 9.9955E-05 0.00274465 9.9955E-05 1
106: 9.9982E-05 0.88801 0.0340933 0.00186957 0.0558698 0.0199576 9.9982E-05 1
107: 9.995E-05 9.995E-05 0.9994 9.995E-05 9.995E-05 9.995E-05 9.995E-05 1
108: 9.9964E-05 0.0203307 0.938077 0.041192 9.9964E-05 9.9964E-05 9.9964E-05 1
109: 9.9955E-05 9.9955E-05 0.977274 0.0222264 9.9955E-05 9.9955E-05 9.9955E-05 1
110: 0.00939207 0.011442 0.969802 0.00906421 9.9973E-05 9.9973E-05 9.9973E-05 1
111: 0.645804 9.9982E-05 9.9982E-05 0.0300669 0.124536 0.158935 0.0404575 1
112: 9.995E-05 9.995E-05 9.995E-05 0.9994 9.995E-05 9.995E-05 9.995E-05 1
113: 0.0206239 0.800272 0.0466402 0.0857762 9.9982E-05 9.9982E-05 0.0464877 1
114: 9.9964E-05 0.979275 0.0119588 9.9964E-05 9.9964E-05 9.9964E-05 0.0083664 1
115: 9.9955E-05 9.9955E-05 0.00336514 0.996135 9.9955E-05 9.9955E-05 9.9955E-05 1
116: 9.9973E-05 0.020243 0.0434269 0.908224 0.0278058 9.9973E-05 9.9973E-05 1
117: 9.9982E-05 0.0165311 0.041266 0.9027 0.0240071 9.9982E-05 0.0152962 1
118: 9.9982E-05 0.0177216 0.0506004 0.90415 9.9982E-05 0.0138398 0.0134879 1
119: 9.9964E-05 0.961581 0.0162922 0.0217267 9.9964E-05 9.9964E-05 9.9964E-05 1

1: 0.00267168 9.9973E-05 9.9973E-05 0.148453 0.025338 0.823237 9.9973E-05 1
2: 9.995E-05 9.995E-05 9.995E-05 9.995E-05 9.995E-05 0.9994 9.995E-05 1
3: 9.9973E-05 0.0211787 9.9973E-05 0.0662811 0.00712441 0.905116 9.9973E-05 1
4: 0.0195207 9.99641E-05 9.99641E-05 0.146475 9.99641E-05 0.833604 9.99641E-05 1
5: 9.9973E-05 0.0955856 9.9973E-05 0.0166505 0.873157 0.0143066 9.9973E-05 1
6: 0.0135789 0.0702435 0.0186662 9.9982E-05 0.872849 0.0244621 9.9982E-05 1
7: 9.9982E-05 9.9982E-05 0.00850616 0.0740357 0.0331542 0.8688 0.0153042 1
8: 9.995E-05 9.995E-05 9.995E-05 9.995E-05 9.995E-05 0.9994 9.995E-05 1
9: 9.9964E-05 9.9964E-05 9.9964E-05 0.0221477 0.0144108 0.963042 9.9964E-05 1
10: 0.9994 9.995E-05 9.995E-05 9.995E-05 9.995E-05 9.995E-05 9.995E-05 1
11: 0.0354824 9.9964E-05 0.944493 9.9964E-05 9.9964E-05 9.9964E-05 0.0196243 1
12: 0.653067 0.0307503 0.044022 0.00290518 0.00603279 0.0105042 0.252719 1
13: 0.997131 9.9955E-05 9.9955E-05 9.9955E-05 9.9955E-05 9.9955E-05 0.0023688 1
14: 0.397451 9.9964E-05 0.593007 9.9964E-05 9.9964E-05 0.00914194 9.9964E-05 1
15: 9.995E-05 0.9994 9.995E-05 9.995E-05 9.995E-05 9.995E-05 9.995E-05 1
16: 9.9973E-05 0.0393971 0.0253964 0.0192834 9.9973E-05 0.915623 9.9973E-05 1
17: 9.99551E-05 9.99551E-05 9.99551E-05 0.0195641 9.99551E-05 0.979936 9.99551E-05 1
18: 9.995E-05 9.995E-05 9.995E-05 9.995E-05 9.995E-05 0.9994 9.995E-05 1
19: 9.995E-05 9.995E-05 9.995E-05 9.995E-05 9.995E-05 0.9994 9.995E-05 1
20: 9.997E-05 9.997E-05 9.997E-05 0.106927 0.0230332 0.834677 0.0350635 1
21: 0.0084869 0.0195637 0.0207968 0.103224 9.9982E-05 0.847729 9.9982E-05 1
22: 0.00597561 9.9973E-05 9.9973E-05 0.0396658 0.00752149 0.946537 9.9973E-05 1
23: 0.0197548 0.0584536 9.9973E-05 9.9973E-05 0.876613 0.0448789 9.9973E-05 1
24: 9.9964E-05 9.9964E-05 0.00469915 0.00484056 9.9964E-05 9.9964E-05 0.99006 1
25: 9.995E-05 9.995E-05 9.995E-05 9.995E-05 0.9994 9.995E-05 9.995E-05 1
26: 9.995E-05 9.995E-05 9.995E-05 0.9994 9.995E-05 9.995E-05 9.995E-05 1
27: 9.995E-05 9.995E-05 9.995E-05 9.995E-05 0.9994 9.995E-05 9.995E-05 1
28: 9.995E-05 9.995E-05 9.995E-05 9.995E-05 0.9994 9.995E-05 9.995E-05 1
29: 9.995E-05 9.995E-05 9.995E-05 9.995E-05 0.9994 9.995E-05 9.995E-05 1
30: 9.9982E-05 0.0473781 0.0156281 0.0189884 0.908711 0.00909471 9.9982E-05 1
31: 0.0162598 9.9955E-05 9.9955E-05 9.9955E-05 0.98324 9.9955E-05 9.9955E-05 1
32: 9.995E-05 9.995E-05 9.995E-05 9.995E-05 0.9994 9.995E-05 9.995E-05 1
33: 9.9955E-05 9.9955E-05 9.9955E-05 0.990944 9.9955E-05 9.9955E-05 0.00855592 1
34: 0.26096 0.0061146 9.9982E-05 0.0146226 0.0403321 9.9982E-05 0.677771 1
35: 9.995E-05 9.995E-05 9.995E-05 0.9994 9.995E-05 9.995E-05 9.995E-05 1
36: 9.995E-05 9.995E-05 9.995E-05 9.995E-05 9.995E-05 9.995E-05 0.9994 1
37: 9.9973E-05 0.00411542 0.0124479 0.978722 0.00441507 9.9973E-05 9.9973E-05 1
38: 9.9955E-05 0.0045654 9.9955E-05 0.994935 9.9955E-05 9.9955E-05 9.9955E-05 1
39: 0.0397697 9.9955E-05 9.9955E-05 9.9955E-05 9.9955E-05 9.9955E-05 0.959731 1
40: 0.135096 9.9955E-05 9.9955E-05 9.9955E-05 9.9955E-05 9.9955E-05 0.864404 1
